0
0
0.0000508
0.0000508
0.000127
0.000127
0.0001778
0.0003048
0.000381
0.000508
0.0006096
0.0008128
0.0009906
0.0012446
0.0014986
0.0018034
0.002159
0.00254
0.0029718
0.0035306
0.0040894
0.0047752
0.005461
0.0063754
0.0071374
0.0080518
0.0090424
0.01016
0.0113538
0.0125984
0.0138938
0.0153162
0.0168148
0.0184912
0.0202184
0.0215138
0.0232664
0.0251206
0.0269748
0.0289052
0.0308864
0.0328676
0.0349758
0.0370332
0.0391414
0.0412496
0.0434086
0.0455676
0.0476758
0.0498602
0.0520192
0.0541274
0.0562356
0.05842
0.0606552
0.0625602
0.0645668
0.0665988
0.06858
0.0705104
0.0724916
0.074295
0.0761492
0.0780034
0.0799338
0.0813562
0.0830834
0.0847598
0.0863854
0.0879856
0.089535
0.0910844
0.092583
0.0940816
0.0954278
0.0967994
0.098171
0.0994664
0.100711
0.1019556
0.1030732
0.1041908
0.1053084
0.106299
0.1072896
0.108204
0.1090168
0.1098296
0.110617
0.1113028
0.1118616
0.1124966
0.1129792
0.113411
0.1137412
0.1140968
0.1143
0.1144778
0.1145286
0.1146048
0.1145286
0.1144778
0.1143
0.114046
0.1137412
0.113411
0.1129792
0.1124966
0.1118616
0.1113028
0.110617
0.1099566
0.1091438
0.1082802
0.1073404
0.1064006
0.10541
0.1043686
0.103251
0.1020826
0.1008888
0.0996442
0.0983488
0.0970534
0.095631
0.0941832
0.0927608
0.0912876
0.0898652
0.0883158
0.0866394
0.0850138
0.0832866
0.0816102
0.079883
0.0780796
0.0762
0.074422
0.0725424
0.0706374
0.068707
0.0667258
0.0647446
0.0627634
0.060706
0.058674
0.0566166
0.0545084
0.0524002
0.050292
0.0481838
0.0460248
0.0438404
0.0416814
0.03937
0.0372618
0.0351028
0.0328676
0.0306324
0.028575
0.0263652
0.02413
0.0218948
0.0196596
0.0174244
0.0151892
0.012954
0.0107188
0.0084836
0.0063246
0.0040894
0.0018542
-0.0003048
-0.0024892
-0.0046482
-0.0069342
-0.0089916
-0.0110998
-0.013208
-0.0153162
-0.0174244
-0.0195326
-0.02159
-0.0239268
-0.0257302
-0.0277876
-0.0297688
-0.0318008
-0.0338582
-0.0358394
-0.0378968
-0.0397002
-0.0416814
-0.0437896
-0.0456946
-0.0475742
-0.0495554
-0.0514604
-0.0534416
-0.055372
-0.0573024
-0.0592836
-0.061214
-0.063119
-0.0650494
-0.0669798
-0.0688848
-0.0708152
-0.0726694
-0.0745998
-0.076454
-0.0783844
-0.0802386
-0.0822198
-0.084328
-0.0858774
-0.0876808
-0.089535
-0.0912876
-0.093091
-0.0948182
-0.0965454
-0.098044
-0.0996442
-0.1011936
-0.102743
-0.1042416
-0.1056132
-0.1069086
-0.1081532
-0.1093978
-0.1104392
-0.1114298
-0.1123696
-0.1131824
-0.113919
-0.1145286
-0.1150874
-0.1155954
-0.115951
-0.116205
-0.1164082
-0.1165098
-0.1165098
-0.116459
-0.1162812
-0.1160272
-0.1157224
-0.1152906
-0.1148334
-0.1143
-0.113665
-0.1129792
-0.1122934
-0.111506
-0.1106932
-0.1097534
-0.108839
-0.1077722
-0.1067308
-0.1056132
-0.1044194
-0.103251
-0.1019556
-0.1006348
-0.0993394
-0.0979678
-0.0965454
-0.0950722
-0.0935228
-0.0920242
-0.090424
-0.0887984
-0.087122
-0.0853948
-0.0837184
-0.0819912
-0.0801878
-0.0783844
-0.076454
-0.0745998
-0.0726694
-0.0706882
-0.068707
-0.0667258
-0.0648716
-0.0628142
-0.0607822
-0.058674
-0.0565658
-0.0543814
-0.0522224
-0.0499872
-0.047879
-0.0455168
-0.0434086
-0.0411734
-0.0389382
-0.036703
-0.034417
-0.0321818
-0.0298958
-0.0275844
-0.0253746
-0.0228854
-0.0207772
-0.0184912
-0.0161798
-0.0139446
-0.0116586
-0.0093726
-0.0071374
-0.004826
-0.0026162
0.000127
0.0019304
0.0039624
0.0061976
0.0084328
0.010668
0.012827
0.0150622
0.0172466
0.0194056
0.02159
0.023749
0.0259334
0.0280416
0.0302006
0.0323088
0.034417
0.0365252
0.0386334
0.0406908
0.0431546
0.044831
0.0468884
0.0489204
0.0509778
0.0530098
0.0550672
0.0571246
0.0591566
0.0613918
0.0631952
0.0652272
0.0672084
0.0690118
0.0710692
0.0730504
0.0750316
0.0770128
0.078994
0.0809244
0.0832866
0.084963
0.0866902
0.0885444
0.090424
0.0921512
0.0939546
0.095631
0.0972312
0.0988568
0.100457
0.1018794
0.103251
0.1046226
0.1058418
0.1070356
0.1081532
0.1091946
0.1101344
0.110998
0.1118108
0.1124204
0.1130554
0.1136142
0.114046
0.1144016
0.1146556
0.1149096
0.1150366
0.1150874
0.1150874
0.1150366
0.1149096
0.1146556
0.1144016
0.114046
0.1136142
0.1131824
0.1126236
0.1120648
0.111379
0.110744
0.1100074
0.1091946
0.108331
0.1074166
0.1064768
0.1054862
0.1044194
0.1033018
0.1020064
0.1010158
0.0997712
0.0984758
0.0971804
0.0958088
0.0945642
0.093091
0.0915924
0.0900938
0.0885444
0.0869442
0.0852678
0.0835914
0.081915
0.0801116
0.0783844
0.076581
0.0746506
0.0727964
0.0706882
0.068961
0.0669798
0.0649224
0.0629412
0.060833
0.0587248
0.0566674
0.0545084
0.0524002
0.0501142
0.0480568
0.0458216
0.0435864
0.0413512
0.0391414
0.03683
0.034798
0.0325628
0.0302514
0.0279654
0.0256794
0.023368
0.021082
0.018796
0.0164338
0.0141478
0.0118364
0.0095504
0.0072644
0.0047244
0.002667
0.000381
-0.0019304
-0.0042164
-0.0065024
-0.0087376
-0.011049
-0.0132588
-0.015494
-0.0178562
-0.0200406
-0.0222504
-0.0244856
-0.02667
-0.0289052
-0.0310642
-0.0332994
-0.0354584
-0.037465
-0.039624
-0.0418592
-0.0439674
-0.0461264
-0.0482346
-0.050419
-0.0525272
-0.0546862
-0.0567944
-0.0589026
-0.061087
-0.063119
-0.0652272
-0.0673354
-0.0693928
-0.071501
-0.0735584
-0.0755904
-0.0775716
-0.0796798
-0.0816102
-0.0835914
-0.0854456
-0.087376
-0.0892302
-0.0910336
-0.092837
-0.0945134
-0.0962406
-0.0978662
-0.0992886
-0.1007618
-0.1021842
-0.1035558
-0.1049274
-0.106172
-0.1073404
-0.108458
-0.1094486
-0.1103884
-0.1113028
-0.1120648
-0.1128014
-0.1134872
-0.114046
-0.1145286
-0.1149604
-0.1152906
-0.1155954
-0.1157732
-0.115951
-0.1160272
-0.1160272
-0.115951
-0.1158494
-0.1156462
-0.1153922
-0.1150874
-0.1147318
-0.1143
-0.1138428
-0.1133602
-0.1128014
-0.1121156
-0.1114298
-0.1106932
-0.1099566
-0.1090676
-0.108204
-0.1072134
-0.1062228
-0.1050544
-0.1041146
-0.1029462
-0.1018286
-0.100584
-0.0992886
-0.0979678
-0.0966216
-0.0951992
-0.0937514
-0.0922782
-0.0907288
-0.0891794
-0.0875538
-0.0858774
-0.084201
-0.0824738
-0.0807466
-0.0787654
-0.0770128
-0.0752094
-0.0733044
-0.0715518
-0.0695706
-0.0675894
-0.0655574
-0.0635
-0.0614426
-0.0593344
-0.0572262
-0.0550672
-0.052959
-0.0507238
-0.0485648
-0.0463296
-0.0440944
-0.0418592
-0.039624
-0.0373888
-0.034798
-0.0328168
-0.0305054
-0.0282194
-0.0259334
-0.023622
-0.0212598
-0.0189738
-0.0166878
-0.0143256
-0.0120396
-0.0097282
-0.0074422
-0.00508
-0.003048
-0.0006858
0.0016002
0.0039116
0.0061976
0.0084836
0.010795
0.013208
0.0153162
0.0175514
0.0198374
0.0220726
0.0243078
0.026543
0.0287782
0.0309372
0.0333502
0.0353568
0.0375158
0.0397002
0.0418592
0.0440182
0.0461264
0.0482346
0.050419
0.0525272
0.0546354
0.0567436
0.0588518
0.06096
0.062992
0.0648716
0.0669798
0.0690118
0.0710692
0.0731012
0.0751586
0.0771398
0.079121
0.0811022
0.0830326
0.084963
0.0868172
0.0886206
0.0904748
0.0922782
0.0939546
0.0955548
0.0971804
0.0987806
0.1002792
0.1016254
0.1030732
0.1043686
0.1056132
0.1067308
0.1078484
0.1088898
0.1097534
0.110617
0.1114298
0.1121156
0.1127252
0.1132332
0.1137412
0.114173
0.1145286
0.1147826
0.1150366
0.1151636
0.1152144
0.1152144
0.1151636
0.1150366
0.1148334
0.1146048
0.1143
0.113919
0.1134872
0.1129792
0.1124204
0.1118616
0.1111758
0.1105154
0.1097534
0.108966
0.108077
0.1071626
0.1062228
0.1052322
0.1041908
0.1030732
0.1019556
0.1007618
0.0996442
0.0983488
0.0970534
0.0956818
0.0942594
0.092837
0.0912876
0.089789
0.0881888
0.0866394
0.084963
0.0832866
0.081534
0.079756
0.0779526
0.0761492
0.074295
0.0723646
0.0704342
0.0685292
0.0664718
0.0644906
0.0624332
0.0602742
0.057912
0.0561086
0.0540004
0.0518414
0.0496824
0.047498
0.0452628
0.0432816
0.0409956
0.0388112
0.0365252
0.03429
0.032004
0.0296926
0.0274066
0.0251206
0.0228092
0.0204724
0.018161
0.0158242
0.0135128
0.0112268
0.0088646
0.0065786
0.0042672
0.0019304
-0.000381
-0.002667
-0.004953
-0.0072644
-0.0094996
-0.0117856
-0.0140716
-0.016383
-0.018669
-0.0209042
-0.0231394
-0.0253746
-0.0275844
-0.029591
-0.0318008
-0.0339852
-0.0361442
-0.0383794
-0.0405638
-0.0427228
-0.0449072
-0.0470662
-0.0492252
-0.0514096
-0.0535178
-0.0556768
-0.057785
-0.0598932
-0.0620776
-0.0641858
-0.066294
-0.0684022
-0.0704342
-0.0724916
-0.074549
-0.076581
-0.0786384
-0.0806196
-0.0826008
-0.0845312
-0.0864362
-0.0883158
-0.0903478
-0.0918972
-0.0935228
-0.0951992
-0.0967994
-0.098425
-0.0998982
-0.1013968
-0.1028192
-0.1041146
-0.105537
-0.1066038
-0.1077214
-0.1087628
-0.1097534
-0.110617
-0.111506
-0.1122426
-0.1129284
-0.113538
-0.114046
-0.1145286
-0.1149096
-0.1152144
-0.1154684
-0.1156462
-0.1157732
-0.1157732
-0.1157732
-0.1157224
-0.1155954
-0.1153414
-0.1150874
-0.1147826
-0.1144016
-0.1139698
-0.1134872
-0.1129284
-0.1123696
-0.1117346
-0.110998
-0.1102614
-0.1094486
-0.108585
-0.1076452
-0.1067308
-0.1057402
-0.1046734
-0.1035558
-0.1023874
-0.1011936
-0.0999744
-0.0986536
-0.0973582
-0.0959866
-0.0945642
-0.0931418
-0.0915924
-0.090043
-0.0884936
-0.0868172
-0.08509
-0.0834644
-0.0817372
-0.0799846
-0.0783082
-0.076454
-0.0745998
-0.0726694
-0.0707644
-0.068834
-0.0667258
-0.0647446
-0.0626872
-0.0606552
-0.058547
-0.0564388
-0.0542544
-0.0520954
-0.049911
-0.047498
-0.0453898
-0.0432816
-0.0409956
-0.0387604
-0.0365252
-0.0342392
-0.0319278
-0.0296418
-0.0273558
-0.0250444
-0.0227584
-0.0203962
-0.0181102
-0.0158242
-0.013462
-0.0113538
-0.0090424
-0.0067564
-0.0044704
-0.0021082
0.000254
0.00254
0.004826
0.0071374
0.0094234
0.0117094
0.0140208
0.016256
0.018542
0.0207772
0.0230632
0.0252984
0.0275336
0.0297688
0.0319278
0.034163
0.0363982
0.0385826
0.0407416
0.0429006
0.045212
0.047244
0.0493522
0.0514604
0.0536448
0.055753
0.0578612
0.0597916
0.0618998
0.0639318
0.06604
0.0681482
0.0702056
0.0722376
0.074295
0.076327
0.0783082
0.0803148
0.0822198
0.0841502
0.0860806
0.0879348
0.0897382
0.0915416
0.0932688
0.0949452
0.0966216
0.098171
0.0996442
0.1011428
0.1025652
0.1038606
0.1051052
0.106299
0.1074166
0.108458
0.1094486
0.1103122
0.1110742
0.1118108
0.1124966
0.1130554
0.1136142
0.114046
0.1144016
0.1147826
0.1149604
0.1151636
0.1152906
0.1153414
0.1152906
0.1152144
0.1150366
0.1148334
0.1146048
0.1142238
0.1138428
0.113411
0.1129284
0.1123696
0.1117346
0.1110742
0.1103884
0.1095756
0.1087628
0.1078992
0.1070356
0.106045
0.1049782
0.1040638
0.1029462
0.1018286
0.100584
0.0993394
0.098044
0.0967486
0.095377
0.0939546
0.092456
0.0909828
0.0894334
0.0878078
0.0862076
0.0845312
0.0828548
0.0811022
0.0793242
0.0775208
0.0756666
0.073787
0.071882
0.0698754
0.0679704
0.0659892
0.0639318
0.0618998
0.0598424
0.0577342
0.055626
0.0534416
0.0512826
0.0493014
0.047117
0.0449072
0.0427228
0.0404368
0.0382016
0.0359664
0.0336804
0.031369
0.029083
0.026797
0.024003
0.0221996
0.0198374
0.0175514
0.0152654
0.0129032
0.0105918
0.008255
0.0059436
0.0036068
0.0012954
-0.0009906
-0.0032766
-0.005588
-0.007874
-0.01016
-0.0124714
-0.0147066
-0.0169926
-0.0192278
-0.0213868
-0.0235712
-0.0258064
-0.0280416
-0.0302514
-0.0324358
-0.034671
-0.0369062
-0.0390652
-0.0413004
-0.0434594
-0.0456438
-0.047879
-0.0499872
-0.0521462
-0.0543306
-0.0564896
-0.0585978
-0.0607822
-0.0630682
-0.0649986
-0.0671576
-0.069215
-0.0713232
-0.0733552
-0.0754126
-0.0774446
-0.079502
-0.0814832
-0.0835406
-0.0853186
-0.0870712
-0.0889254
-0.0907288
-0.092456
-0.0941832
-0.0958596
-0.0974852
-0.0991616
-0.100711
-0.1019556
-0.1033018
-0.1046226
-0.1058418
-0.1070356
-0.108077
-0.1090676
-0.1100074
-0.110871
-0.1116838
-0.1124204
-0.1130554
-0.1136142
-0.1140968
-0.1145286
-0.1149096
-0.1152144
-0.1153922
-0.1155954
-0.1157224
-0.1157224
-0.1156462
-0.1155192
-0.1153922
-0.1152144
-0.1149096
-0.1146048
-0.114173
-0.1137412
-0.1132332
-0.1126744
-0.1120648
-0.111379
-0.1106932
-0.1099566
-0.1090676
-0.108204
-0.1073404
-0.1063498
-0.1053084
-0.1042416
-0.103124
-0.1020064
-0.1007618
-0.0995172
-0.0982218
-0.0968502
-0.095504
-0.0940054
-0.092583
-0.0910336
-0.0894842
-0.0878586
-0.0862584
-0.0847598
-0.0830326
-0.0813054
-0.079502
-0.0776986
-0.0758444
-0.073914
-0.0719836
-0.0700786
-0.0680974
-0.0661162
-0.0640588
-0.0620014
-0.0598932
-0.057785
-0.0556768
-0.0535178
-0.0513334
-0.0491744
-0.0469392
-0.044704
-0.042545
-0.0402336
-0.0380238
-0.0357886
-0.0330454
-0.0311912
-0.0289052
-0.0265938
-0.0243078
-0.0220218
-0.0199136
-0.0176022
-0.0153162
-0.012954
-0.010668
-0.0083058
-0.0060198
-0.0037084
-0.0013716
0.0008636
0.0032258
0.0055118
0.0078232
0.0101092
0.0123952
0.0147066
0.0169418
0.0192278
0.021463
0.023749
0.0259842
0.0282194
0.0304546
0.0326136
0.0350266
0.037084
0.039243
0.0414274
0.0435864
0.0457708
0.0479298
0.0501142
0.0520192
0.0542036
0.0563626
0.05842
0.0605282
0.0626364
0.0647446
0.0668528
0.0688848
0.070993
0.0729996
0.0750316
0.077089
0.0790702
0.0810514
0.0830326
0.0848868
0.0868172
0.0886206
0.0904748
0.092202
0.0941324
0.0958596
0.0972312
0.0987806
0.1002792
0.1017016
0.1030732
0.1043686
0.1056132
0.1067308
0.1077214
0.1087628
0.1097026
0.1105662
0.111379
0.1120648
0.1127252
0.113284
0.1138428
0.1143
0.1146048
0.1149096
0.1151636
0.1152906
0.1153922
0.1153922
0.1153414
0.1152144
0.1150874
0.1148334
0.1146048
0.1142238
0.1137412
0.1133602
0.1128014
0.1122426
0.111633
0.1109472
0.1102614
0.1094486
0.108585
0.1077722
0.1067308
0.105918
0.1048512
0.1038098
0.1026922
0.1015238
0.10033
0.0990346
0.0976122
0.0961898
0.094996
0.0935736
0.092075
0.0906018
0.0890524
0.0874268
0.0857504
0.0840994
0.082423
0.0804926
0.078867
0.0770128
0.0751586
0.0733044
0.071374
0.0693928
0.0674116
0.0654304
0.063373
0.061341
0.0592836
0.0573532
0.055245
0.053086
0.0509016
0.0487426
0.0465074
0.0443484
0.0418592
0.03937
0.0375666
0.0352806
0.0330454
0.0307594
0.0284734
0.026162
0.023876
0.0215138
0.0192278
0.0166878
0.0145796
0.0122174
0.0099314
0.00762
0.0052832
0.0029718
0.0006096
-0.0016764
-0.0039624
-0.0063246
-0.0086106
-0.0110998
-0.012954
-0.0152654
-0.0175514
-0.0197866
-0.0220726
-0.0243078
-0.026543
-0.028829
-0.0310642
-0.0332994
-0.0354584
-0.0376936
-0.0399288
-0.0421132
-0.0443484
-0.0465074
-0.0486918
-0.0509016
-0.053086
-0.055245
-0.0574294
-0.0595376
-0.0616966
-0.0638048
-0.065913
-0.0680212
-0.0701294
-0.0722376
-0.074295
-0.076327
-0.0783844
-0.0801878
-0.082169
-0.0840994
-0.0860044
-0.0878586
-0.0897382
-0.0914654
-0.0932688
-0.094996
-0.0966724
-0.098171
-0.0996442
-0.1010666
-0.1025144
-0.1038098
-0.1050544
-0.106299
-0.1074166
-0.108458
-0.1094486
-0.1103884
-0.111125
-0.1118616
-0.1125474
-0.1131824
-0.1137412
-0.1142238
-0.1146048
-0.1149604
-0.1151636
-0.1153922
-0.1155192
-0.1155954
-0.1155954
-0.1155192
-0.1153922
-0.1152144
-0.1150366
-0.1147318
-0.1143508
-0.113919
-0.1134872
-0.1129792
-0.1124204
-0.1117346
-0.111125
-0.1103884
-0.1095756
-0.1087628
-0.1078484
-0.1069086
-0.105918
-0.1049274
-0.1038098
-0.1026922
-0.1015238
-0.10033
-0.0990346
-0.0977392
-0.0963676
-0.0949452
-0.0935228
-0.0920242
-0.0906526
-0.0891032
-0.087503
-0.0858266
-0.0841502
-0.082423
-0.0806704
-0.0786892
-0.077089
-0.0752094
-0.0733044
-0.071374
-0.0693928
-0.0674116
-0.0654304
-0.063373
-0.061087
-0.0592328
-0.0570484
-0.0549402
-0.0527812
-0.0505968
-0.0484378
-0.0462534
-0.0440182
-0.0418084
-0.039497
-0.0370332
-0.0349758
-0.0326898
-0.0303784
-0.0280924
-0.026035
-0.023749
-0.0213868
-0.0191008
-0.0168148
-0.0144526
-0.0121666
-0.0098044
-0.0074422
-0.0051562
-0.0028448
-0.000508
0.0018034
0.0040894
0.0063754
0.0086868
0.0109728
0.0132588
0.0155702
0.0178054
0.0200914
0.0223266
0.0246126
0.026797
0.029083
0.0313182
0.0334772
0.0357124
0.0378968
0.0400558
0.042291
0.0442214
0.0463804
0.0485648
0.050673
0.052832
0.0549402
0.0571246
0.0592328
0.061341
0.0634492
0.0655574
0.0676656
0.0696976
0.071755
0.073914
0.0758444
0.0778256
0.079883
0.081788
0.0837184
0.0856488
0.087503
0.0893572
0.0911606
0.0928878
0.0946404
0.0962406
0.0978662
0.0993394
0.100838
0.1022604
0.1034288
0.1047496
0.105918
0.1070864
0.1081532
0.1091438
0.1100074
0.110871
0.1116838
0.1123696
0.1129792
0.113538
0.114046
0.1144016
0.1147826
0.1150366
0.1152144
0.1153414
0.1153922
0.1153922
0.1153414
0.1152144
0.1150366
0.1147826
0.1144778
0.1140968
0.1137412
0.1132332
0.1126744
0.1120648
0.1114298
0.110744
0.1101344
0.1092708
0.108458
0.1075944
0.1066546
0.105664
0.1046226
0.103505
0.1023874
0.1011936
0.0999744
0.0987298
0.0973582
0.0959866
0.0946404
0.0931418
0.0916432
0.09017
0.0885444
0.0869442
0.0852678
0.0835914
0.081915
0.0801116
0.0783082
0.0765302
0.0745998
0.0727456
0.0708152
0.068834
0.0668528
0.0650494
0.062992
0.0608838
0.0588518
0.0567436
0.0546354
0.052451
0.050292
0.048133
0.0458978
0.0436626
0.0414274
0.0391922
0.0369062
0.034671
0.0323596
0.0300736
0.0277876
0.0254762
0.0231394
0.020828
0.018542
0.0161798
0.0138938
0.0115316
0.0092456
0.0068834
0.0045974
0.0022352
-0.0000508
-0.002413
-0.0044704
-0.0067564
-0.0091186
-0.0113538
-0.0136398
-0.0159258
-0.0182372
-0.0204724
-0.0227584
-0.0250444
-0.0272796
-0.0295148
-0.03175
-0.0339852
-0.0362204
-0.0384556
-0.0406908
-0.0428498
-0.045212
-0.047244
-0.0494284
-0.0516636
-0.0537718
-0.056007
-0.0581152
-0.0602742
-0.0624332
-0.0645668
-0.066675
-0.0687832
-0.0708914
-0.0729996
-0.0748538
-0.0768858
-0.078867
-0.0808736
-0.0828548
-0.0847598
-0.0866902
-0.0886714
-0.0903478
-0.0921512
-0.0938276
-0.095504
-0.0971042
-0.0986536
-0.1001522
-0.1016254
-0.1029462
-0.1042416
-0.1054862
-0.1066546
-0.1077214
-0.1087628
-0.1097026
-0.1105662
-0.111379
-0.1121156
-0.1127252
-0.1133602
-0.1138428
-0.1143
-0.1146556
-0.1149604
-0.1152144
-0.1153922
-0.1155192
-0.1155954
-0.1155192
-0.1154684
-0.1152906
-0.1151636
-0.1149096
-0.1145286
-0.1142238
-0.113792
-0.113284
-0.1127252
-0.1121918
-0.111506
-0.1108202
-0.1100582
-0.1092708
-0.1084072
-0.1075182
-0.1066038
-0.1056132
-0.1045464
-0.1034288
-0.1023112
-0.1010666
-0.0998982
-0.0986028
-0.0972312
-0.0960628
-0.0946404
-0.0931418
-0.0916432
-0.09017
-0.0885444
-0.0868172
-0.0852678
-0.0835914
-0.0818642
-0.0801116
-0.0782574
-0.076454
-0.074549
-0.0726186
-0.0706882
-0.0687832
-0.066421
-0.0647446
-0.0626872
-0.060579
-0.058547
-0.0563626
-0.0542544
-0.0520954
-0.0498602
-0.047625
-0.0455168
-0.0432816
-0.0410464
-0.0387604
-0.0365252
-0.0344678
-0.0321818
-0.0298958
-0.0275336
-0.0252476
-0.0228092
-0.0205994
-0.018288
-0.016002
-0.0136398
-0.0113538
-0.0089916
-0.0067056
-0.0043434
-0.0019812
0.0003048
0.0026162
0.0049022
0.0072644
0.0095504
0.0118364
0.0141478
0.0164338
0.0187198
0.0210312
0.023368
0.0255524
0.0277876
0.0300736
0.032258
0.0344678
0.0364744
0.0386842
0.0409194
0.0431038
0.045339
0.047498
0.0496062
0.0517906
0.0539496
0.0560578
0.0582168
0.060325
0.0624332
0.0645668
0.066675
0.0687832
0.0708152
0.0729996
0.0749046
0.076962
0.0789432
0.0809244
0.0828548
0.0847598
0.0866902
0.0884936
0.0903478
0.092075
0.0937514
0.0954278
0.0969772
0.098425
0.0998982
0.1013206
0.1026922
0.1039876
0.1053084
0.1064006
0.1075182
0.1085088
0.1095248
0.1103884
0.1111758
0.1119378
0.1125474
0.1131824
0.113665
0.114173
0.1145286
0.1148334
0.1150874
0.1152144
0.1153414
0.1153922
0.1153414
0.1152906
0.1151636
0.1149096
0.1146556
0.1143508
0.1139698
0.113538
0.1130554
0.1125474
0.1119378
0.1113028
0.110617
0.1098296
0.1090168
0.108204
0.1072896
0.1063498
0.1053084
0.1042416
0.1032002
0.1020064
0.100838
0.0993394
0.098298
0.0969772
0.0955548
0.0941324
0.09271
0.0912114
0.089662
0.0880618
0.0864362
0.0847598
0.0829056
0.0813562
0.0795528
0.0777748
0.0758952
0.074041
0.0723646
0.0703834
0.0684022
0.0664718
0.0644398
0.0623824
0.0602742
0.0582168
0.0561086
0.0539496
0.0517906
0.0496062
0.0474472
0.045212
0.0430276
0.0407416
0.0385064
0.0362204
0.0339852
0.0316992
0.0293878
0.0271018
0.0248158
0.0224536
0.0200406
0.0178054
0.015494
0.0131572
0.0108458
0.0084836
0.0061976
0.0040894
0.0015494
-0.0005588
-0.0028448
-0.0051562
-0.007493
-0.0098044
-0.0120396
-0.0143764
-0.0166116
-0.018923
-0.0211582
-0.0234442
-0.0257302
-0.0279654
-0.0302006
-0.0324358
-0.034671
-0.0369062
-0.0390652
-0.0413004
-0.0434594
-0.0456946
-0.047879
-0.050038
-0.0522224
-0.0543814
-0.0565658
-0.0587248
-0.0608838
-0.062992
-0.0651002
-0.0674624
-0.0691388
-0.071247
-0.0733552
-0.0754126
-0.0775716
-0.0794258
-0.0814324
-0.0834136
-0.0852678
-0.0871982
-0.0891032
-0.0908558
-0.092583
-0.0943102
-0.0959866
-0.097536
-0.0990854
-0.100584
-0.1020064
-0.1034288
-0.1046226
-0.1058418
-0.1069594
-0.1080262
-0.1090676
-0.1099566
-0.110871
-0.111633
-0.1122934
-0.1129284
-0.1134872
-0.1139698
-0.1144016
-0.1147826
-0.1150366
-0.1152906
-0.1154684
-0.1155192
-0.1155954
-0.1155192
-0.1154684
-0.1152906
-0.1150874
-0.1148334
-0.1144778
-0.1140968
-0.113665
-0.1131824
-0.1126236
-0.1119886
-0.1113028
-0.110617
-0.1098804
-0.1090676
-0.108204
-0.1072896
-0.106299
-0.1053084
-0.1042416
-0.103124
-0.1019556
-0.1007618
-0.0996442
-0.0983488
-0.0969772
-0.095631
-0.0941832
-0.0927608
-0.0912876
-0.089662
-0.0881126
-0.0864362
-0.084709
-0.0830834
-0.0813562
-0.0795528
-0.0777748
-0.0758952
-0.074041
-0.0721106
-0.0701294
-0.0681482
-0.06604
-0.0641096
-0.0620776
-0.0600202
-0.057912
-0.055753
-0.0536448
-0.0514604
-0.0492252
-0.0470662
-0.044831
-0.042545
-0.0405638
-0.0383286
-0.0360934
-0.0338074
-0.031496
-0.02921
-0.026924
-0.0245618
-0.0222504
-0.0199644
-0.0176022
-0.0153162
-0.012954
-0.010668
-0.0083058
-0.0060198
-0.0036576
-0.0013716
0.0009906
0.0034036
0.005588
0.0079502
0.0102362
0.0125222
0.0148082
0.0171196
0.0194056
0.0216408
0.02413
0.026162
0.0283972
0.0304546
0.0326898
0.034925
0.037084
0.0393192
0.0415544
0.0437134
0.0461264
0.0480568
0.0502412
0.0524002
0.0545592
0.0566674
0.0588518
0.0610108
0.0630682
0.0652272
0.0673354
0.0693928
0.071628
0.0736092
0.0755904
0.0775716
0.0795528
0.081534
0.0834644
0.0853948
0.087249
0.0890524
0.0909066
0.0926338
0.0941324
0.0958088
0.097409
0.0989076
0.1004062
0.1018286
0.1032002
0.1044194
0.1057402
0.1067816
0.1078484
0.1088898
0.1098296
0.110617
0.1114298
0.1121156
0.1128014
0.1133602
0.1138428
0.1142238
0.1146048
0.1149096
0.1150874
0.1152906
0.1153414
0.1153414
0.1153414
0.1152144
0.1150874
0.1148334
0.1145286
0.1142238
0.1138428
0.113411
0.1129284
0.1123696
0.1117346
0.1110742
0.1103122
0.1095756
0.1087628
0.1078992
0.1069594
0.1059688
0.1049782
0.1039368
0.1028192
0.1016254
0.1004062
0.0992124
0.097917
0.0965454
0.0951992
0.0937006
0.0922782
0.0907288
0.0891794
0.0875538
0.0856488
0.0842772
0.0826008
0.0807974
0.0791972
0.0773938
0.0755396
0.07366
0.071755
0.0698246
0.0678434
0.065786
0.0638048
0.0617728
0.0596646
0.0576072
0.0554482
0.05334
0.0511556
0.0489204
0.0467614
0.0445262
0.042291
0.0400558
0.0378206
0.0355346
0.0332994
0.0309372
0.0286512
0.0263652
0.023622
0.0216916
0.0194056
0.0171196
0.0147574
0.0123952
0.0103632
0.008001
0.005715
0.0033528
0.0008128
-0.0012954
-0.0036068
-0.0059436
-0.008255
-0.010541
-0.012827
-0.0151384
-0.0174244
-0.0197104
-0.0223774
-0.024257
-0.0264668
-0.028702
-0.0310134
-0.0332486
-0.0354584
-0.0376936
-0.0399288
-0.042418
-0.04445
-0.0465582
-0.0487426
-0.0509016
-0.053086
-0.0553212
-0.0574802
-0.0594106
-0.0615696
-0.0636778
-0.0658622
-0.0682244
-0.0700786
-0.0721868
-0.0742188
-0.0762762
-0.0783082
-0.0803148
-0.082296
-0.084201
-0.0861314
-0.0879856
-0.089789
-0.0915924
-0.0933196
-0.094996
-0.0966216
-0.0982218
-0.0997204
-0.1011428
-0.1025144
-0.1038606
-0.1051052
-0.106299
-0.1073404
-0.1084072
-0.1093978
-0.1102614
-0.110998
-0.1117346
-0.1124204
-0.1130554
-0.1136142
-0.1140968
-0.1144778
-0.1148334
-0.1150874
-0.1153414
-0.1154684
-0.1155192
-0.1155192
-0.1154684
-0.1153414
-0.1152144
-0.1149604
-0.1147318
-0.1143508
-0.113919
-0.1134872
-0.1129792
-0.1124204
-0.1118108
-0.111125
-0.1102614
-0.1095756
-0.1087628
-0.1078992
-0.1069594
-0.1059688
-0.1049782
-0.1039876
-0.10287
-0.1017016
-0.1005332
-0.0991616
-0.097917
-0.0966216
-0.09525
-0.0937514
-0.0922782
-0.0907796
-0.0891794
-0.0875538
-0.0859536
-0.0842772
-0.08255
-0.0807974
-0.078994
-0.077216
-0.0752856
-0.0734314
-0.07112
-0.0695198
-0.0675386
-0.0655574
-0.0635
-0.0614426
-0.0593344
-0.0572262
-0.0550672
-0.0529082
-0.0509778
-0.0487426
-0.0465582
-0.0443484
-0.0421132
-0.0398018
-0.0375666
-0.0353568
-0.0330454
-0.0307594
-0.0284734
-0.0261112
-0.0235712
-0.0215138
-0.0191516
-0.0168148
-0.0145034
-0.0121666
-0.0098044
-0.007493
-0.0051562
-0.0028448
-0.000508
0.0019812
0.0041656
0.0065024
0.0088138
0.0110998
0.013462
0.015748
0.018034
0.0203454
0.0223774
0.0246888
0.026924
0.0291338
0.0314452
0.0336804
0.0359156
0.0381254
0.0403606
0.0425958
0.0447802
0.0469392
0.0491236
0.0513334
0.0535178
0.0556768
0.057785
0.0598932
0.0620776
0.0641858
0.066294
0.0684022
0.0705104
0.0725424
0.0745998
0.0766572
0.0786384
0.0806196
0.08255
0.084455
0.0864362
0.0879856
0.089789
0.0915924
0.0933196
0.0949452
0.0965454
0.0980948
0.0995934
0.1010158
0.1025144
0.1037336
0.1049782
0.1060958
0.1072134
0.108204
0.1091946
0.1100582
0.1109472
0.1116838
0.1123696
0.1129284
0.1134872
0.113919
0.1143508
0.1146556
0.1149096
0.1150874
0.1152144
0.1152906
0.1152906
0.1152144
0.1151636
0.1149604
0.1147318
0.1144016
0.114046
0.113665
0.1131824
0.1126744
0.1121156
0.1114298
0.1108202
0.1100582
0.1092708
0.108458
0.1075944
0.1066546
0.105664
0.1046226
0.1035558
0.1024382
0.1012698
0.1000252
0.0987806
0.097409
0.0961136
0.0946912
0.0932688
0.0917702
0.0902208
0.0884936
0.0870712
0.0855726
0.0838962
0.082169
0.0804418
0.0786384
0.076835
0.0749046
0.0730504
0.07112
0.0691388
0.0671576
0.0651764
0.063119
0.061087
0.0589788
0.0569214
0.0547624
0.052578
0.050419
0.0482346
0.0460756
0.0438404
0.0416052
0.03937
0.037084
0.0348488
0.0325628
0.0302514
0.0279654
0.0254762
0.0233172
0.020955
0.018923
0.0165608
0.0142748
0.0119126
0.0096012
0.0072644
0.0049022
0.0026162
0.000254
-0.0020574
-0.0043942
-0.0067056
-0.0089916
-0.0113538
-0.0136398
-0.0159258
-0.0182372
-0.0205232
-0.0228092
-0.0250444
-0.0273558
-0.029591
-0.0318008
-0.0341122
-0.0363474
-0.0388112
-0.0407924
-0.0430276
-0.0452628
-0.0474472
-0.0496824
-0.0515874
-0.0538226
-0.056007
-0.058166
-0.060325
-0.0625094
-0.0646176
-0.0667766
-0.0688848
-0.070993
-0.0730504
-0.0751586
-0.077216
-0.0791972
-0.0811784
-0.0831596
-0.0851408
-0.0869442
-0.0887984
-0.0906018
-0.092329
-0.0940816
-0.0956818
-0.0973074
-0.0989584
-0.10033
-0.1017016
-0.1030732
-0.1043686
-0.105537
-0.1067308
-0.1076452
-0.108712
-0.1096264
-0.1105154
-0.1113028
-0.1119886
-0.1126744
-0.113284
-0.113792
-0.1142238
-0.1146048
-0.1149096
-0.1151636
-0.1153414
-0.1154684
-0.1155192
-0.1155192
-0.1154684
-0.1153414
-0.1151636
-0.1148334
-0.1146048
-0.1142238
-0.113792
-0.1132332
-0.1127252
-0.1121918
-0.1115568
-0.110871
-0.1101344
-0.1093216
-0.1085088
-0.1077214
-0.1067816
-0.105791
-0.1047496
-0.1036828
-0.1025144
-0.1013968
-0.1001522
-0.0988568
-0.097536
-0.0961898
-0.0948182
-0.0933196
-0.0915416
-0.090297
-0.0887476
-0.087122
-0.0854456
-0.0837692
-0.082042
-0.0803148
-0.0782574
-0.076581
-0.0747268
-0.0728726
-0.0709422
-0.068961
-0.0669798
-0.0649224
-0.0628904
-0.060833
-0.0589026
-0.0567944
-0.0546354
-0.0525272
-0.0503428
-0.048133
-0.0459486
-0.0437134
-0.0414782
-0.0388112
-0.036957
-0.034671
-0.0323088
-0.0301498
-0.0277876
-0.0254762
-0.0231902
-0.0209042
-0.0185928
-0.016256
-0.0138938
-0.0115316
-0.0092456
-0.0068834
-0.0045974
-0.002286
0.0000508
0.0023622
0.0047244
0.0070104
0.0092964
0.0114046
0.013716
0.016002
0.018288
0.0205994
0.0228854
0.0251206
0.0274066
0.0296418
0.0319278
0.034163
0.0363982
0.0386334
0.0408686
0.0430276
0.0452628
0.0474472
0.0496062
0.0518414
0.0540004
0.0561848
0.058293
0.060452
0.0628904
0.0647446
0.0668528
0.0688848
0.070993
0.0730504
0.0751078
0.0771398
0.079121
0.0809244
0.0828548
0.0847598
0.0866394
0.0884936
0.090297
0.0920242
0.0937514
0.0954278
0.0969772
0.0985266
0.1000252
0.1014476
0.1028192
0.1040638
0.1053084
0.1064768
0.1075182
0.108585
0.1094486
0.1103884
0.1111758
0.1118616
0.1125474
0.1131062
0.1136142
0.1140968
0.1144778
0.1147826
0.1150366
0.1152144
0.1152906
0.1153414
0.1153414
0.1152144
0.1150874
0.1149096
0.1146556
0.1143508
0.1139698
0.113538
0.1131062
0.1125474
0.1119378
0.111252
0.110617
0.1098804
0.1090676
0.108204
0.1073404
0.1063498
0.1053592
0.1042924
0.103124
0.1020826
0.1008888
0.0996442
0.098425
0.0970534
0.0956818
0.0942594
0.092837
0.0912876
0.089916
0.0883666
0.0867664
0.08509
0.0834136
0.081661
0.079883
0.0780796
0.0762762
0.0743458
0.0724916
0.0705612
0.06858
0.0665988
0.0645668
0.0625602
0.060452
0.0583438
0.0563118
0.0541274
0.0519684
0.049784
0.047625
0.0453898
0.0431546
0.0409194
0.0386842
0.0363982
0.0339852
0.0318008
0.029591
0.0274828
0.0251714
0.0228092
0.0205232
0.018161
0.015875
0.013589
0.0112268
0.0088646
0.0065786
0.0042164
0.0019304
-0.0004318
-0.002794
-0.00508
-0.0074422
-0.0097282
-0.0120396
-0.0143256
-0.0166116
-0.018923
-0.021209
-0.0234442
-0.0257302
-0.0280416
-0.0302514
-0.0324866
-0.034798
-0.0370332
-0.0397002
-0.0414782
-0.0434594
-0.0456946
-0.0479298
-0.0501142
-0.0523494
-0.0545084
-0.0566674
-0.0588518
-0.0610108
-0.0631952
-0.0653034
-0.0674624
-0.0695706
-0.071628
-0.0737362
-0.0757682
-0.0777748
-0.0798068
-0.081788
-0.0837692
-0.0856488
-0.087503
-0.0893572
-0.0911606
-0.0928878
-0.0945642
-0.0961898
-0.09779
-0.0994664
-0.1007618
-0.1021334
-0.1034288
-0.1046226
-0.105791
-0.1069086
-0.10795
-0.108966
-0.1098804
-0.1108202
-0.111506
-0.1121918
-0.1128522
-0.113411
-0.113919
-0.1143508
-0.1147318
-0.1149604
-0.1152144
-0.1153922
-0.1154684
-0.1155192
-0.1154684
-0.1153922
-0.1152906
-0.1150366
-0.1147826
-0.1144778
-0.114046
-0.1136142
-0.1131824
-0.1126236
-0.1119886
-0.111379
-0.110744
-0.1100074
-0.1091438
-0.108331
-0.1074166
-0.1064768
-0.1053084
-0.1044194
-0.1033018
-0.1021334
-0.100965
-0.0997712
-0.0984758
-0.0971042
-0.095758
-0.0943102
-0.092837
-0.0914146
-0.0898652
-0.0882396
-0.0866394
-0.084963
-0.0832104
-0.0814832
-0.079756
-0.0779526
-0.0760984
-0.074168
-0.0722376
-0.0703326
-0.068326
-0.066548
-0.0644906
-0.0624332
-0.0604012
-0.058293
-0.0561086
-0.0540004
-0.0517906
-0.0496824
-0.0474472
-0.0452628
-0.0430276
-0.0407924
-0.0385064
-0.0362712
-0.0339852
-0.031496
-0.0293878
-0.0270256
-0.0248158
-0.0224536
-0.0201422
-0.0178054
-0.0154432
-0.0131572
-0.010795
-0.0084328
-0.0061468
-0.0036068
-0.0014224
0.0008636
0.0032258
0.0052832
0.00762
0.0099314
0.0122682
0.0145796
0.0168656
0.0191516
0.0215138
0.023749
0.0259842
0.0282702
0.0305054
0.0328168
0.0350266
0.0372618
0.0395732
0.0417322
0.0443992
0.0461264
0.0483616
0.050546
0.052705
0.0548894
0.0570484
0.0592328
0.0613918
0.0635
0.0656082
0.0678434
0.0698246
0.071882
0.0737362
0.0757682
0.0777748
0.0798068
0.0817372
0.0836422
0.0855726
0.0874268
0.0892302
0.0910336
0.0927608
0.0944372
0.0960628
0.0976122
0.0991616
0.100584
0.1020064
0.1033018
0.1046734
0.1057402
0.1068578
0.1078992
0.1088898
0.1097534
0.110617
0.111379
0.1121156
0.1127252
0.113284
0.113792
0.114173
0.1144778
0.1147826
0.1150366
0.1151636
0.1152906
0.1152906
0.1152906
0.1151636
0.1150366
0.1147826
0.1145286
0.1142238
0.1138428
0.1133602
0.1128522
0.1123696
0.1117346
0.1110742
0.1103884
0.1096264
0.108839
0.10795
0.1070356
0.1060958
0.1050544
0.1039876
0.10287
0.1017524
0.1005332
0.0992886
0.0979678
0.0966216
0.095377
0.0940054
0.0925322
0.0909828
0.0894842
0.0878586
0.0862584
0.084582
0.0827786
0.0811022
0.079375
0.0775716
0.0756666
0.073787
0.071882
0.0699516
0.0680212
0.0659892
0.0639318
0.0618236
0.0598424
0.0577342
0.055626
0.0534416
0.0513334
0.0491236
0.0469392
0.044704
0.0424688
0.0402336
0.0379476
0.0359664
0.0336042
0.031369
0.029083
0.0267208
0.0244348
0.0221488
0.0197866
0.0174244
0.0151384
0.0127762
0.010414
0.008128
0.0057658
0.0034036
0.0011176
-0.0012446
-0.0036068
-0.0058928
-0.008255
-0.010541
-0.012827
-0.0151384
-0.0174244
-0.0197104
-0.0220218
-0.024257
-0.026797
-0.028829
-0.0310642
-0.0333502
-0.0353568
-0.0376428
-0.0398018
-0.042037
-0.0442722
-0.0465074
-0.0487426
-0.0511048
-0.0531368
-0.0553212
-0.0574802
-0.0596646
-0.0618236
-0.064008
-0.0661162
-0.0682244
-0.0703326
-0.0727964
-0.0744728
-0.0765302
-0.0785622
-0.0805434
-0.08255
-0.084455
-0.0863092
-0.0881888
-0.0899668
-0.0918972
-0.0935228
-0.095123
-0.0967486
-0.0983488
-0.0996442
-0.1010666
-0.1024382
-0.1037336
-0.1050544
-0.106172
-0.1072896
-0.108331
-0.1092708
-0.1101852
-0.110998
-0.1117346
-0.1124204
-0.1130554
-0.113538
-0.1140968
-0.1144016
-0.1147826
-0.1150366
-0.1152144
-0.1153922
-0.1154684
-0.1154684
-0.1154684
-0.1153414
-0.1151636
-0.1149604
-0.1146556
-0.1143508
-0.113919
-0.1134872
-0.1130554
-0.1124966
-0.1118616
-0.1111758
-0.1105154
-0.1097534
-0.1088898
-0.1080262
-0.1071626
-0.106172
-0.1051814
-0.1041146
-0.102997
-0.1018286
-0.100584
-0.0994156
-0.0980948
-0.0967486
-0.095377
-0.0938784
-0.0924052
-0.0909066
-0.0893572
-0.087757
-0.0861314
-0.0844042
-0.0827278
-0.0809752
-0.0791972
-0.0773176
-0.0754634
-0.073787
-0.071882
-0.0696976
-0.0679704
-0.065913
-0.063881
-0.0618236
-0.0597916
-0.0576834
-0.055499
-0.05334
-0.0512318
-0.0489966
-0.0468122
-0.044577
-0.0423418
-0.0400558
-0.0378206
-0.0355346
-0.0332486
-0.0309372
-0.0286512
-0.0263652
-0.0240538
-0.0216916
-0.0194056
-0.0171196
-0.0147574
-0.0123952
-0.0100584
-0.007747
-0.0053848
-0.0029718
-0.0008636
0.0013716
0.0037084
0.0060198
0.008382
0.010668
0.012954
0.0153162
0.0176022
0.0199136
0.0221996
0.0244856
0.026797
0.0290322
0.031496
0.0335534
0.0357886
0.0380238
0.0402336
0.0424688
0.044704
0.0469392
0.0491236
0.0512826
0.0534416
0.055626
0.057785
0.0598932
0.0620776
0.0641858
0.0661162
0.0682244
0.0703326
0.0723646
0.074422
0.076454
0.0784352
0.0804418
0.082423
0.084328
0.0862076
0.0880618
0.0898652
0.0915924
0.0933196
0.0949452
0.0965454
0.0980948
0.0995934
0.1010158
0.1023874
0.1036828
0.1049274
0.1060958
0.1071626
0.108204
0.1091438
0.1100582
0.110871
0.111633
0.1122934
0.1128522
0.1133602
0.1138428
0.1143
0.1146048
0.1148334
0.1150874
0.1152144
0.1152906
0.1152906
0.1152144
0.1151636
0.1149604
0.1147318
0.1144016
0.1140968
0.1137412
0.1132332
0.1127252
0.1121918
0.111506
0.110871
0.1101344
0.1093216
0.1085088
0.1076452
0.1067308
0.105791
0.1046226
0.1036828
0.1025652
0.1013968
0.1002792
0.0990346
0.0977392
0.0963676
0.094996
0.0935736
0.092075
0.0905256
0.0889762
0.087376
0.0857504
0.0840994
0.0823468
0.0806196
0.0788162
0.0770128
0.0751586
0.0732282
0.0713232
0.0693928
0.0674116
0.0653542
0.063373
0.0612648
0.0592328
0.0571246
0.0550164
0.0524002
0.050673
0.0484886
0.0462534
0.0442722
0.042037
0.0398018
0.0375158
0.0352806
0.0329184
0.0306324
0.0283972
0.026035
0.023749
0.0213868
0.0191008
0.0167386
0.0143764
0.0120904
0.0098044
0.0074422
0.00508
0.0027178
0.0004318
-0.0019304
-0.0042672
-0.0065786
-0.0088646
-0.0112268
-0.0135128
-0.0159258
-0.018161
-0.0204724
-0.0227076
-0.0249936
-0.0272796
-0.029337
-0.0315722
-0.0338582
-0.0361442
-0.0383794
-0.0406908
-0.0428498
-0.045085
-0.0473202
-0.0495554
-0.0517906
-0.0539496
-0.0561848
-0.0583438
-0.0605282
-0.0626872
-0.0647954
-0.0669798
-0.069088
-0.0711962
-0.0732282
-0.0753364
-0.0773938
-0.079375
-0.0813562
-0.0835406
-0.0852678
-0.0870712
-0.0889254
-0.0907288
-0.0925322
-0.0939546
-0.095631
-0.0972312
-0.0987298
-0.100203
-0.1017016
-0.1029462
-0.1042416
-0.10541
-0.1065276
-0.1076452
-0.1086358
-0.1095756
-0.1104392
-0.111252
-0.1119378
-0.1126236
-0.1131824
-0.113665
-0.114173
-0.1145286
-0.1148334
-0.1150874
-0.1152906
-0.1153922
-0.1154684
-0.1154684
-0.1153922
-0.1152906
-0.1150874
-0.1148334
-0.1146048
-0.1142238
-0.1138428
-0.1133602
-0.1128522
-0.1122426
-0.1115568
-0.110998
-0.1102614
-0.1095248
-0.1086358
-0.1077722
-0.1068578
-0.1058418
-0.1048004
-0.1036828
-0.1026414
-0.1014476
-0.1002792
-0.0989584
-0.097663
-0.0963168
-0.094869
-0.0934466
-0.0918464
-0.090424
-0.0888746
-0.087249
-0.0856488
-0.0839724
-0.082169
-0.0804418
-0.0788162
-0.076962
-0.0751078
-0.0731774
-0.071247
-0.069215
-0.0673354
-0.0653034
-0.063246
-0.061214
-0.0591058
-0.0569976
-0.0548894
-0.052705
-0.0503428
-0.0482346
-0.0461264
-0.0439166
-0.0416814
-0.0394462
-0.037211
-0.034925
-0.0326136
-0.0303276
-0.0279146
-0.0257302
-0.023368
-0.021082
-0.018796
-0.0164338
-0.0140716
-0.0120396
-0.0096774
-0.0073152
-0.004953
-0.002667
-0.0003048
0.0020574
0.0043434
0.0067056
0.0089916
0.0113538
0.0136398
0.0159258
0.0183642
0.0205232
0.0228092
0.0251206
0.0274066
0.0296418
0.0319278
0.034163
0.0363982
0.0386334
0.0412496
0.0431038
0.045339
0.0475742
0.0497332
0.0518922
0.0540766
0.0562356
0.0582168
0.0604012
0.0625094
0.0647954
0.0667258
0.068834
0.0709422
0.0729996
0.0750316
0.077089
0.0790702
0.0810514
0.0829818
0.0848868
0.0867664
0.0886206
0.090424
0.0921512
0.0938276
0.095504
0.0970534
0.0986028
0.100203
0.1015238
0.1028192
0.1041146
0.1053084
0.1064768
0.1075182
0.1085088
0.1094486
0.1103122
0.1110742
0.1118108
0.1124204
0.1130554
0.113538
0.1139698
0.1143508
0.1147318
0.1149604
0.1151636
0.1152906
0.1152906
0.1152906
0.1152144
0.1150874
0.1149096
0.1146556
0.1143508
0.114046
0.113538
0.1131062
0.1125474
0.1119886
0.111379
0.1106932
0.1099566
0.1091438
0.1082802
0.1074166
0.1064768
0.1054862
0.1045464
0.1034288
0.1023112
0.1011428
0.0999744
0.0986536
0.0973582
0.0959866
0.0944372
0.0931418
0.0916432
0.0900938
0.0885444
0.0869442
0.0852678
0.0835914
0.0818642
0.0801116
0.0783082
0.076454
0.0745998
0.0726694
0.0707644
0.068834
0.0668528
0.0647954
0.0627634
0.0606552
0.0585978
0.0564896
0.0543306
0.0524002
0.0502412
0.0480568
0.0458216
0.0435864
0.0413512
0.0391414
0.03683
0.034544
0.032131
0.0299466
0.0276606
0.0253746
0.0230124
0.020701
0.0183642
0.0160528
0.013716
0.0113538
0.0089916
0.0067056
0.0042672
0.0019812
-0.0003048
-0.002667
-0.0050292
-0.0073152
-0.0096774
-0.0119634
-0.0143256
-0.0166116
-0.018923
-0.020955
-0.0232664
-0.0255524
-0.0278384
-0.0300736
-0.0323596
-0.0345948
-0.0369062
-0.0393192
-0.0413512
-0.0435864
-0.0458216
-0.0480568
-0.050292
-0.052451
-0.0546862
-0.0568706
-0.0590296
-0.061214
-0.063373
-0.0655574
-0.0676656
-0.0697738
-0.071882
-0.073914
-0.0760222
-0.0780034
-0.0799846
-0.0819912
-0.0839724
-0.0858266
-0.0875538
-0.0893572
-0.0910844
-0.092837
-0.0945134
-0.0961136
-0.097663
-0.0991616
-0.1006348
-0.1020826
-0.103378
-0.1046226
-0.105791
-0.1069086
-0.10795
-0.108966
-0.1098296
-0.1106932
-0.111506
-0.1121918
-0.1128014
-0.113284
-0.1138428
-0.1142238
-0.1146048
-0.1149096
-0.1151636
-0.1153414
-0.1153922
-0.1154684
-0.1153922
-0.1153414
-0.1152144
-0.1150366
-0.1147826
-0.1144778
-0.1140968
-0.113665
-0.1131824
-0.1126744
-0.1120648
-0.1114298
-0.110744
-0.1100074
-0.1091946
-0.108331
-0.1074674
-0.1065276
-0.105537
-0.1042924
-0.103378
-0.1022604
-0.1010666
-0.0998474
-0.0985266
-0.0972312
-0.0958088
-0.0944372
-0.092964
-0.0912114
-0.089916
-0.0883666
-0.0867664
-0.0852678
-0.0835406
-0.081788
-0.0800608
-0.0782574
-0.0764032
-0.074549
-0.0726186
-0.0706882
-0.068707
-0.0667258
-0.0646684
-0.0626364
-0.060579
-0.0584708
-0.0563626
-0.0538226
-0.0520192
-0.0498602
-0.0476758
-0.045466
-0.0432308
-0.0409956
-0.0387604
-0.0364744
-0.034163
-0.0318008
-0.029591
-0.0272796
-0.0249936
-0.0227076
-0.0205994
-0.0182372
-0.015875
-0.013589
-0.0112268
-0.0088646
-0.0065786
-0.0042164
-0.0018542
0.0004318
0.002794
0.0051562
0.0074422
0.0098044
0.0120904
0.0144526
0.0167386
0.01905
0.021336
0.023622
0.0259334
0.0282194
0.0305054
0.0328168
0.0350266
0.037338
0.039497
0.0417322
0.0440182
0.0462026
0.0484378
0.050419
0.052578
0.0548132
0.0571754
0.0591566
0.0612648
0.0634492
0.0655574
0.0676656
0.0697738
0.0718058
0.073914
0.0759714
0.0779526
0.0799338
0.081915
0.0838454
0.0856996
0.0875538
0.0893572
0.0911606
0.092837
0.0945134
0.0961136
0.097663
0.0992124
0.1006348
0.1020064
0.1033018
0.1045464
0.1057402
0.1068578
0.1077722
0.1087628
0.1097026
0.1105662
0.1113028
0.1119886
0.1126236
0.1131824
0.113665
0.1140968
0.1144778
0.1147826
0.1149604
0.1151636
0.1152906
0.1152906
0.1152144
0.1151636
0.1150366
0.1147826
0.1145286
0.1142238
0.1138428
0.113411
0.1129284
0.1123696
0.1118108
0.111125
0.1104392
0.1097026
0.108839
0.108077
0.1072134
0.1062228
0.1051052
0.1041908
0.1030732
0.1019556
0.1007618
0.0995172
0.0982218
0.0969264
0.0955548
0.0941324
0.092583
0.0911606
0.0896112
0.0880618
0.0864362
0.084709
0.0827278
0.0813054
0.079502
0.0775716
0.0758952
0.0739902
0.0721106
0.0701294
0.0682244
0.0662178
0.0641858
0.0621284
0.0600964
0.058166
0.0560578
0.0538988
0.0517906
0.0496062
0.047371
0.045212
0.0429768
0.0406908
0.0384556
0.0361442
0.0338582
0.031623
0.0292608
0.0269748
0.0246888
0.0223266
0.0200406
0.0176784
0.0153162
0.0125984
0.010668
0.0083058
0.0059436
0.0036068
0.0012954
-0.0010668
-0.0033528
-0.005715
-0.0080518
-0.0103632
-0.0127
-0.0147574
-0.0170434
-0.0194056
-0.0216916
-0.024003
-0.026289
-0.0285242
-0.0308102
-0.0331216
-0.0354076
-0.0376428
-0.039878
-0.042164
-0.0443992
-0.0466344
-0.0488696
-0.0511048
-0.0532638
-0.055499
-0.0576834
-0.0598932
-0.0620014
-0.0641858
-0.0663448
-0.068453
-0.0705612
-0.0726694
-0.0747268
-0.0767588
-0.078867
-0.0806196
-0.08255
-0.084455
-0.0863854
-0.0881888
-0.0899668
-0.0917702
-0.0936498
-0.095123
-0.0967486
-0.0982218
-0.0997204
-0.1011428
-0.1025144
-0.1038098
-0.1050544
-0.106172
-0.1072896
-0.1082802
-0.1092708
-0.1100582
-0.110871
-0.111633
-0.1123696
-0.1129284
-0.1134872
-0.1139698
-0.1143508
-0.1146556
-0.1149604
-0.1151636
-0.1153414
-0.1153922
-0.1153922
-0.1153922
-0.1152906
-0.1150874
-0.1149096
-0.1146048
-0.1143508
-0.1139698
-0.1134872
-0.1129792
-0.1124966
-0.1118616
-0.1111758
-0.1105154
-0.1097534
-0.108966
-0.108077
-0.1071626
-0.1062228
-0.1052322
-0.1041908
-0.1030732
-0.1018794
-0.100711
-0.0994664
-0.098171
-0.0967994
-0.0954278
-0.0940054
-0.0925322
-0.0912114
-0.089662
-0.0880618
-0.0864362
-0.0847598
-0.0829818
-0.0813054
-0.079502
-0.0776986
-0.0758444
-0.0739902
-0.0720598
-0.0700786
-0.0681482
-0.0661162
-0.0640588
-0.0620014
-0.0599694
-0.0578612
-0.0556768
-0.0535686
-0.0514096
-0.0491744
-0.0470154
-0.0447802
-0.042545
-0.0403098
-0.0380238
-0.0357886
-0.0334772
-0.0311912
-0.0291338
-0.026797
-0.0244856
-0.0221996
-0.0198374
-0.0174752
-0.0151384
-0.0123952
-0.0104902
-0.008128
-0.0058166
-0.0034798
-0.0011684
0.0011684
0.0035306
0.0058928
0.008255
0.010541
0.0129032
0.0151892
0.0174752
0.0197866
0.0220726
0.0243586
0.02667
0.028956
0.031242
0.0334772
0.0358394
0.0380238
0.0402336
0.0424688
0.04445
0.0466852
0.0489204
0.0511048
0.05334
0.0555752
0.0576834
0.0598424
0.0619506
0.0641096
0.0662178
0.068326
0.0704342
0.0725424
0.0745998
0.0766572
0.0786384
0.0806196
0.08255
0.084455
0.0863092
0.0881888
0.0899668
0.0917194
0.0934466
0.0950722
0.0966724
0.0982218
0.0996442
0.1010666
0.1024382
0.1035558
0.1048512
0.1059688
0.1070864
0.1081532
0.1090676
0.1099566
0.110744
0.111506
0.1121918
0.1128014
0.1133602
0.113792
0.1142238
0.1145286
0.1148334
0.1150366
0.1151636
0.1152144
0.1152906
0.1152144
0.1150874
0.1149604
0.1147318
0.1144016
0.1140968
0.1137412
0.113284
0.1127252
0.1121918
0.1115568
0.110998
0.1103122
0.1095248
0.108712
0.1078484
0.1069086
0.1059688
0.1049274
0.1038606
0.1028192
0.1016254
0.1004062
0.0991616
0.0978662
0.0964946
0.095123
0.0937006
0.092202
0.0907288
0.0891794
0.0875538
0.0859536
0.084201
0.0824738
0.0807974
0.078994
0.0771398
0.0752856
0.0734314
0.071501
0.0695706
0.0675894
0.0656082
0.063754
0.0616966
0.0596646
0.0575564
0.055372
0.0529082
0.0511048
0.0488696
0.0467614
0.04445
0.0422402
0.040005
0.0377698
0.0354584
0.0331724
0.0308864
0.028575
0.026289
0.0239268
0.02159
0.0192786
0.0169418
0.0146304
0.0122682
0.0099314
0.0075692
0.005207
0.0028448
0.000508
-0.0018034
-0.0039116
-0.0062738
-0.0086106
-0.010922
-0.0132588
-0.0155702
-0.0179324
-0.0202184
-0.0225044
-0.0248158
-0.0271018
-0.0293878
-0.0316992
-0.033909
-0.0362204
-0.0384556
-0.0407416
-0.0429768
-0.045212
-0.047498
-0.0497332
-0.0520192
-0.0541274
-0.0563626
-0.058547
-0.060706
-0.0628904
-0.0650494
-0.0671576
-0.0693166
-0.0714502
-0.0733044
-0.0753364
-0.0773938
-0.079375
-0.0813562
-0.0832866
-0.0851916
-0.0870712
-0.0889254
-0.0906526
-0.0924052
-0.0940816
-0.0956818
-0.0973074
-0.0987806
-0.100203
-0.1016254
-0.1029462
-0.1041908
-0.10541
-0.1065276
-0.1075944
-0.108585
-0.1095248
-0.1103884
-0.111125
-0.1118616
-0.1124966
-0.1131062
-0.1136142
-0.114046
-0.1144778
-0.1147826
-0.1149604
-0.1151636
-0.1153414
-0.1153414
-0.1153922
-0.1153414
-0.1152144
-0.1150366
-0.1148334
-0.1145286
-0.1140968
-0.113792
-0.1133602
-0.1128522
-0.1122934
-0.1116838
-0.110998
-0.1102614
-0.1095248
-0.108585
-0.1077722
-0.1069086
-0.105918
-0.1048512
-0.1038098
-0.1026922
-0.1015238
-0.10033
-0.0990346
-0.0977392
-0.0965454
-0.095123
-0.0937006
-0.092202
-0.0907288
-0.0891794
-0.0875538
-0.0858774
-0.084201
-0.08255
-0.0807466
-0.0787654
-0.0771398
-0.0752856
-0.0733552
-0.0714502
-0.0695198
-0.0675386
-0.0654812
-0.0634492
-0.0613918
-0.0591058
-0.0571754
-0.0550672
-0.0529082
-0.0507238
-0.0485648
-0.0463296
-0.0440944
-0.0418592
-0.0391414
-0.0375666
-0.0352806
-0.0329946
-0.0306832
-0.0283972
-0.026035
-0.023749
-0.021463
-0.0191008
-0.0167386
-0.0144526
-0.0120904
-0.0097282
-0.0073914
-0.0050292
-0.0027178
-0.000381
0.0019812
0.0043434
0.0067056
0.0089916
0.0113538
0.0136398
0.0159258
0.018288
0.0205994
0.0229362
0.0251714
0.0274828
0.0301498
0.0320548
0.0343662
0.0363982
0.0386334
0.0408686
0.0431038
0.045339
0.0475742
0.049784
0.0520192
0.0542036
0.0563626
0.058547
0.060706
0.0628904
0.0649986
0.0671068
0.0692658
0.0713232
0.0734314
0.0754634
0.0774446
0.0794258
0.0814324
0.0833374
0.0852678
0.0870712
0.0889254
0.0906526
0.092583
0.0940816
0.0956818
0.0972312
0.0986028
0.100076
0.1014476
0.1028192
0.1040638
0.1052322
0.1064768
0.1074674
0.108458
0.1093978
0.1101852
0.110998
0.1117346
0.1123696
0.1129284
0.1134872
0.113919
0.1143
0.1146048
0.1149096
0.1150366
0.1151636
0.1152144
0.1152144
0.1151636
0.1150366
0.1148334
0.1146556
0.1143508
0.1139698
0.1136142
0.1131824
0.1126236
0.1120648
0.1114298
0.1108202
0.1098804
0.1092708
0.108458
0.1075944
0.1066546
0.105664
0.1046226
0.1035558
0.1024382
0.1011428
0.1000252
0.0987806
0.0974852
0.0961136
0.0946912
0.0932688
0.0917702
0.0902208
0.0886714
0.0870712
0.0853948
0.0837184
0.082042
0.0802386
0.0784352
0.0766572
0.0747776
0.0730504
0.07112
0.069215
0.0671576
0.0650494
0.063119
0.061087
0.0590296
0.0569214
0.0547624
0.052578
0.050419
0.0482346
0.0460756
0.0438404
0.0416052
0.0393192
0.037084
0.034798
0.0324866
0.0302006
0.0279146
0.0256032
0.0232664
0.0205232
0.018415
0.016256
0.0138938
0.0116078
0.0092456
0.0068834
0.0047752
0.0022352
0.0000508
-0.002286
-0.0045974
-0.0069342
-0.0092456
-0.0116078
-0.0138938
-0.0161798
-0.018542
-0.020828
-0.0231394
-0.0254254
-0.0277114
-0.0300228
-0.032258
-0.034544
-0.03683
-0.0390652
-0.0413004
-0.0435864
-0.0462534
-0.0480568
-0.050292
-0.0525272
-0.0546862
-0.0569214
-0.0591058
-0.0612648
-0.0634492
-0.0653542
-0.0675386
-0.0696468
-0.071755
-0.073787
-0.0758444
-0.0778764
-0.079883
-0.0818642
-0.0837692
-0.0856996
-0.0875538
-0.0893572
-0.0911606
-0.092837
-0.0945134
-0.0961136
-0.097663
-0.0991616
-0.100584
-0.1020064
-0.1033018
-0.1045464
-0.1057402
-0.1068578
-0.1078992
-0.108839
-0.1097534
-0.110617
-0.111379
-0.1121156
-0.1127252
-0.1132332
-0.1137412
-0.114173
-0.1145286
-0.1148334
-0.1150874
-0.1152144
-0.1153414
-0.1153922
-0.1153922
-0.1153414
-0.1152144
-0.1150366
-0.1147826
-0.1144778
-0.1140968
-0.1137412
-0.1132332
-0.1127252
-0.1121156
-0.111506
-0.1108202
-0.1100582
-0.1093216
-0.108458
-0.1075944
-0.1066546
-0.105664
-0.1046226
-0.103505
-0.1023874
-0.1013206
-0.100076
-0.0988568
-0.097536
-0.0961898
-0.094742
-0.0933196
-0.0916432
-0.090297
-0.0886714
-0.0870712
-0.0854456
-0.0837692
-0.0819912
-0.0802386
-0.0784352
-0.076581
-0.0747268
-0.0727964
-0.0708914
-0.068961
-0.0669036
-0.0648716
-0.0628904
-0.0607822
-0.058674
-0.0565658
-0.0543814
-0.0522732
-0.050038
-0.047879
-0.0456438
-0.0436626
-0.0414274
-0.0391414
-0.0369062
-0.0345948
-0.0323088
-0.0298958
-0.0277114
-0.0253746
-0.0230632
-0.020701
-0.018415
-0.0160528
-0.013716
-0.0114046
-0.0089916
-0.0067056
-0.0043434
-0.0019812
0.0003048
0.002667
0.0050292
0.0073914
0.0097282
0.0120396
0.0143764
0.0166878
0.0191008
0.021336
0.023622
0.0259842
0.0280924
0.0303276
0.0326136
0.0348488
0.0371348
0.03937
0.0416814
0.0439166
0.0461264
0.0483616
0.050546
0.0527812
0.0550164
0.0571754
0.0593344
0.0615188
0.0636778
0.065786
0.0678942
0.0700024
0.0721106
0.074168
0.0761492
0.0782066
0.0803656
0.0820928
0.0840232
0.0859536
0.087757
0.089535
0.0912876
0.092837
0.0945134
0.0960628
0.0976122
0.0990854
0.1006348
0.1018794
0.1032002
0.1044194
0.1056132
0.1067308
0.1077722
0.108712
0.1097026
0.1104392
0.111252
0.1119378
0.1125474
0.1131062
0.1136142
0.114046
0.1144016
0.1146556
0.1149096
0.1150874
0.1151636
0.1152144
0.1152144
0.1150874
0.1149604
0.1147826
0.1144778
0.1142238
0.1138428
0.113411
0.1129284
0.1124204
0.1118616
0.111252
0.1105662
0.1098296
0.1090168
0.1081532
0.1072896
0.106299
0.1053592
0.1042924
0.1032002
0.1020826
0.1008888
0.0995934
0.0983488
0.0970534
0.0956818
0.0942594
0.09271
0.0912876
0.0897382
0.0881888
0.0865632
0.0848868
0.0831596
0.0814832
0.079883
0.0780796
0.0759714
0.0743458
0.0724408
0.0705104
0.0685292
0.0665988
0.0645668
0.0625094
0.0602234
0.0583438
0.0562356
0.0540766
0.0519684
0.0497332
0.0475742
0.0453898
0.0431038
0.0408686
0.0386334
0.0363474
0.034036
0.03175
0.029464
0.0271526
0.0248666
0.0225044
0.0202184
0.0178562
0.015494
0.0133858
0.011049
0.0086868
0.0063246
0.0040386
0.0016764
-0.0006858
-0.0029718
-0.005334
-0.0076962
-0.0100584
-0.0124714
-0.0146304
-0.0171196
-0.0192786
-0.02159
-0.023876
-0.0262382
-0.0285242
-0.0308102
-0.0330454
-0.0353568
-0.0376428
-0.0399288
-0.042164
-0.0443992
-0.0466344
-0.0488696
-0.0511048
-0.05334
-0.055499
-0.0577342
-0.0598424
-0.0618998
-0.064008
-0.066167
-0.0682752
-0.0703834
-0.0724916
-0.074549
-0.076581
-0.0786384
-0.0810514
-0.0826008
-0.084455
-0.0863854
-0.0881888
-0.0899668
-0.0917194
-0.0934466
-0.09525
-0.0966724
-0.0982218
-0.0997204
-0.1011428
-0.1024382
-0.1037336
-0.1049782
-0.1060958
-0.1072134
-0.108204
-0.1093216
-0.1100582
-0.1108202
-0.1115568
-0.1122426
-0.1128522
-0.113411
-0.1138428
-0.1143
-0.1146556
-0.1149096
-0.1151636
-0.1152906
-0.1153922
-0.1153922
-0.1153922
-0.1152906
-0.1151636
-0.1149604
-0.1147318
-0.1143508
-0.1139698
-0.113538
-0.1131062
-0.1125474
-0.1119378
-0.1113028
-0.1105662
-0.1098296
-0.1090168
-0.108204
-0.1072896
-0.1063498
-0.10541
-0.1043686
-0.1033018
-0.1021842
-0.100965
-0.0997204
-0.0984758
-0.0971804
-0.0956818
-0.0943102
-0.0928878
-0.0914146
-0.089789
-0.0882396
-0.0866394
-0.084963
-0.0832104
-0.0814832
-0.079756
-0.0779526
-0.0760984
-0.074168
-0.0722376
-0.0703326
-0.068326
-0.0663448
-0.0643128
-0.0622554
-0.0599694
-0.058039
-0.0559308
-0.0537718
-0.0518414
-0.0496824
-0.0474472
-0.0452628
-0.0430276
-0.0407416
-0.0385064
-0.0362204
-0.033909
-0.031623
-0.029337
-0.0270256
-0.0246888
-0.0223774
-0.0200914
-0.0177292
-0.0151892
-0.0130302
-0.010668
-0.008382
-0.0060198
-0.0036576
-0.0012954
0.0010668
0.0033528
0.005715
0.0080518
0.0103632
0.0126492
0.0150114
0.0172974
0.0194056
0.0216916
0.024003
0.026289
0.028575
0.0308864
0.0331216
0.0354076
0.0376428
0.039878
0.0421132
0.0443484
0.0465582
0.0487934
0.0510286
0.0536448
0.055372
0.0576072
0.0597154
0.0618998
0.064008
0.066167
0.0682752
0.0703326
0.0724408
0.0744728
0.0765302
0.0785114
0.0804926
0.082423
0.084328
0.0860044
0.0878586
0.089662
0.0914654
0.0931418
0.0948182
0.0963676
0.097917
0.0994156
0.100838
0.1021842
0.103505
0.1047496
0.1058418
0.1069594
0.1080262
0.108966
0.1098804
0.1106932
0.1114298
0.1121156
0.1127252
0.1132332
0.1137412
0.114173
0.1144778
0.1147826
0.1149604
0.1151636
0.1152144
0.1152144
0.1152144
0.1151636
0.1149604
0.1147826
0.1144778
0.114173
0.1137412
0.1133602
0.1128522
0.1122934
0.1116838
0.1110742
0.1103884
0.1095756
0.1087628
0.1077722
0.1070356
0.106045
0.1050544
0.1039876
0.10287
0.1017016
0.1005332
0.0992886
0.0979678
0.0966724
0.09525
0.0938276
0.092329
0.0908558
0.0893064
0.0876808
0.0862584
0.084582
0.0828548
0.0811022
0.079375
0.0775208
0.0756666
0.073787
0.071882
0.0699516
0.0679704
0.0659892
0.064008
0.0618998
0.0598424
0.0577342
0.055626
0.0534416
0.0513334
0.0491236
0.0469392
0.0447802
0.042291
0.0402336
0.0378206
0.0357124
0.0334264
0.0311404
0.028829
0.026543
0.0241808
0.0221488
0.0197104
0.0171704
0.0151384
0.0127762
0.0104902
0.008128
0.0057658
0.0034036
0.0010668
-0.0012446
-0.0036068
-0.0059436
-0.008255
-0.0105918
-0.0129032
-0.0152654
-0.0175514
-0.0198374
-0.0221488
-0.0244348
-0.026797
-0.0291338
-0.0313182
-0.0336042
-0.0358394
-0.0381254
-0.0403606
-0.042672
-0.0449072
-0.047117
-0.0495554
-0.0515366
-0.0536956
-0.055753
-0.0579882
-0.0601472
-0.0623316
-0.0644906
-0.0665988
-0.0687832
-0.07112
-0.0729996
-0.0750316
-0.077089
-0.0790702
-0.0810514
-0.0830326
-0.0848868
-0.0868172
-0.0886206
-0.0904748
-0.0924052
-0.0938276
-0.095504
-0.0970534
-0.0986028
-0.1000252
-0.1014476
-0.1028192
-0.1040638
-0.1053084
-0.1064006
-0.1074166
-0.1084072
-0.1093216
-0.1101852
-0.110998
-0.1117346
-0.1124204
-0.1129792
-0.113538
-0.1139698
-0.1144016
-0.1147318
-0.1149604
-0.1152144
-0.1153414
-0.1153922
-0.1153922
-0.1153922
-0.1152906
-0.1150874
-0.1149096
-0.1146048
-0.1143
-0.113919
-0.113411
-0.1129284
-0.1123696
-0.1117346
-0.111125
-0.1102614
-0.1096264
-0.1088898
-0.10795
-0.1070864
-0.106172
-0.1051814
-0.1041146
-0.102997
-0.1018286
-0.1006348
-0.0993394
-0.098044
-0.0967486
-0.0953008
-0.0938784
-0.092456
-0.0909066
-0.0893572
-0.087757
-0.0861314
-0.084455
-0.0827278
-0.0809244
-0.0791972
-0.0773938
-0.0754634
-0.0736092
-0.0716788
-0.0696976
-0.0677164
-0.0657352
-0.0635508
-0.0616458
-0.0597916
-0.0576072
-0.055499
-0.0533908
-0.0512318
-0.0489966
-0.0468122
-0.044577
-0.0419862
-0.0400558
-0.0378206
-0.0355346
-0.0332486
-0.0310134
-0.0286512
-0.0263652
-0.0240538
-0.0216916
-0.0194056
-0.0169418
-0.0147574
-0.0123952
-0.0100584
-0.0076962
-0.0053848
-0.0029718
-0.0006858
0.0018542
0.0040386
0.0063246
0.0086868
0.010795
0.013081
0.0154432
0.0177292
0.0200406
0.0223266
0.0246126
0.0273558
0.02921
0.031496
0.0337312
0.0360172
0.0382524
0.0404876
0.0427228
0.044958
0.0471932
0.0494284
0.0515874
0.0538226
0.056007
0.058166
0.060325
0.0625094
0.0646176
0.0667258
0.068834
0.0709422
0.0730504
0.0750316
0.077089
0.0790702
0.0807974
0.0827786
0.084709
0.0865632
0.0883666
0.09017
0.0918972
0.0935736
0.09525
0.0967994
0.0983488
0.0998474
0.1011936
0.1025652
0.1039876
0.1050544
0.106172
0.1072896
0.1082802
0.1091946
0.1100582
0.110871
0.111633
0.1122934
0.1129284
0.113411
0.1138428
0.1143
0.1146048
0.1148334
0.1150366
0.1151636
0.1152144
0.1152906
0.1152144
0.1150874
0.1149096
0.1147318
0.1144016
0.114046
0.113665
0.1132332
0.1126744
0.1121156
0.111506
0.110871
0.1101344
0.1093978
0.1085088
0.1076452
0.1067308
0.105791
0.1047496
0.1036828
0.1025652
0.1013968
0.1001522
0.0989076
0.0974852
0.0962406
0.094869
0.0933958
0.092075
0.0905256
0.0889762
0.0874268
0.0857504
0.0840994
0.0823468
0.0806196
0.0788162
0.0770128
0.0751586
0.0732282
0.071374
0.0693928
0.0674116
0.0654304
0.063373
0.0608838
0.0592328
0.0571246
0.0550164
0.052832
0.050673
0.0484886
0.0462534
0.0440944
0.0418084
0.0395732
0.0372618
0.0350266
0.0327406
0.0304546
0.0283464
0.026035
0.023749
0.0213868
0.01905
0.0166878
0.0143256
0.0120396
0.0096774
0.0073152
0.004953
0.0026162
0.0003048
-0.0021082
-0.0043942
-0.0067564
-0.0090424
-0.0116078
-0.0137668
-0.0160528
-0.018415
-0.020701
-0.0230124
-0.0252984
-0.0275844
-0.0298958
-0.0321818
-0.0344678
-0.0367792
-0.0390144
-0.0412496
-0.0432816
-0.0455168
-0.047752
-0.0499872
-0.0522224
-0.0544576
-0.0566674
-0.0588518
-0.0610108
-0.0631952
-0.0653034
-0.0674624
-0.0695706
-0.0716788
-0.073787
-0.0758444
-0.0779526
-0.079883
-0.0818642
-0.0837692
-0.0856996
-0.087503
-0.0893064
-0.0910844
-0.092837
-0.0945134
-0.0960628
-0.0976122
-0.0990854
-0.100584
-0.1019556
-0.103124
-0.1043686
-0.105537
-0.1066546
-0.1077214
-0.108712
-0.1096264
-0.1104392
-0.111252
-0.1119378
-0.1125474
-0.1131824
-0.113665
-0.1140968
-0.1144778
-0.1147826
-0.1150366
-0.1152144
-0.1153414
-0.1153922
-0.1153922
-0.1153414
-0.1151636
-0.1150366
-0.1147826
-0.1144778
-0.1140968
-0.1137412
-0.1132332
-0.1127252
-0.1121918
-0.1115568
-0.1109472
-0.1101852
-0.1092708
-0.108585
-0.1077722
-0.1067816
-0.105791
-0.1048004
-0.1037336
-0.1025652
-0.1013968
-0.100203
-0.0989076
-0.0976122
-0.0963168
-0.094869
-0.0931418
-0.0919734
-0.090424
-0.0887984
-0.087249
-0.0855726
-0.0838962
-0.0820928
-0.0804418
-0.0786384
-0.0767588
-0.0749046
-0.0729996
-0.0710692
-0.069088
-0.0672846
-0.0653034
-0.062992
-0.0611378
-0.0591058
-0.0569976
-0.0548132
-0.052705
-0.050546
-0.0483108
-0.0460756
-0.0439166
-0.0416814
-0.03937
-0.0371348
-0.0348488
-0.0325628
-0.0302514
-0.0279654
-0.0256032
-0.0233172
-0.020955
-0.0183642
-0.0163068
-0.0140208
-0.0116586
-0.0092964
-0.0069342
-0.0046482
-0.0022352
0.000127
0.0022352
0.0045974
0.0068834
0.0092456
0.0115316
0.0138938
0.0161798
0.018542
0.020828
0.0231394
0.0254254
0.0277876
0.0300228
0.0323088
0.034544
0.03683
0.0390652
0.0413512
0.0435864
0.0458216
0.0480568
0.0502412
0.052451
0.0546862
0.0568706
0.0589788
0.061214
0.0633222
0.0654304
0.0675894
0.0696976
0.0721106
0.0736092
0.0756666
0.0776986
0.0796798
0.0816102
0.0835406
0.0854456
0.0873252
0.0891032
0.0909066
0.092583
0.0942594
0.0958596
0.097409
0.0989076
0.10033
0.1017524
0.1032002
0.1042924
0.1054862
0.1066038
0.1076452
0.1086358
0.1095248
0.1103884
0.111125
0.1118616
0.1124966
0.1130554
0.1136142
0.1139698
0.1143
0.1146556
0.1149096
0.1150366
0.1151636
0.1152144
0.1152144
0.1151636
0.1150366
0.1148334
0.1146048
0.1143
0.113919
0.113538
0.1130554
0.1124966
0.1119378
0.1113028
0.1105154
0.1098804
0.1090676
0.1082802
0.1074166
0.1064768
0.10541
0.1044194
0.1033018
0.1021842
0.1010158
0.0997712
0.0985266
0.0973582
0.0959866
0.0945642
0.0931418
0.0916432
0.0900938
0.0884936
0.086868
0.0852678
0.0835914
0.0818642
0.0800608
0.0783082
0.076454
0.0745998
0.0726694
0.0707644
0.068707
0.0667766
0.0647954
0.0627634
0.060706
0.0585978
0.0564896
0.0543306
0.0522224
0.050038
0.047752
0.0456438
0.0434086
0.0411734
0.0389382
0.03683
0.034544
0.032258
0.0300228
0.0276606
0.0253746
0.0230124
0.020701
0.0183642
0.016002
0.013716
0.0113538
0.0089916
0.0066294
0.0042672
0.0019304
-0.0004318
-0.002794
-0.00508
-0.0074422
-0.0097282
-0.0120904
-0.0143764
-0.0167386
-0.01905
-0.021336
-0.0236982
-0.0259842
-0.0282702
-0.0305816
-0.0328168
-0.0348488
-0.0371348
-0.0394462
-0.0416814
-0.0439674
-0.0462026
-0.0484378
-0.050673
-0.052832
-0.0550672
-0.0573024
-0.0594614
-0.0616458
-0.0638048
-0.0659892
-0.0681482
-0.0702564
-0.0723646
-0.074549
-0.076454
-0.0784352
-0.0804418
-0.082423
-0.084328
-0.0862076
-0.0880618
-0.0898652
-0.0915924
-0.0933958
-0.0949452
-0.0965454
-0.097917
-0.0994156
-0.100838
-0.1021842
-0.103505
-0.1047496
-0.105918
-0.1070356
-0.1080262
-0.1090168
-0.1098804
-0.1106932
-0.1114298
-0.1121918
-0.1127252
-0.113284
-0.113792
-0.1142238
-0.1146048
-0.1148334
-0.1150874
-0.1152906
-0.1153414
-0.1153922
-0.1153414
-0.1152906
-0.1151636
-0.1149604
-0.1146556
-0.1143508
-0.1139698
-0.1136142
-0.1131824
-0.1126236
-0.1120648
-0.1114298
-0.1106932
-0.1100074
-0.1091946
-0.108331
-0.1074674
-0.1065276
-0.105537
-0.1044956
-0.103378
-0.1022604
-0.100838
-0.0998474
-0.0985266
-0.0972312
-0.0958596
-0.0944372
-0.0930148
-0.0915416
-0.0899668
-0.0883666
-0.0866394
-0.08509
-0.0834136
-0.081661
-0.079883
-0.0780034
-0.0762
-0.074549
-0.0726186
-0.0706882
-0.068707
-0.0663448
-0.0646684
-0.0626364
-0.060579
-0.0584708
-0.0563118
-0.0542036
-0.0520192
-0.0498602
-0.0475742
-0.045466
-0.0432308
-0.0409956
-0.0386842
-0.0364744
-0.034163
-0.0318008
-0.029591
-0.0272288
-0.0249174
-0.0225806
-0.0202692
-0.0179324
-0.0155702
-0.0132588
-0.010922
-0.0085598
-0.0064516
-0.0040894
-0.0014224
0.0006096
0.002921
0.0052832
0.00762
0.0099822
0.0122682
0.0146304
0.0169418
0.0192786
0.02159
0.023876
0.026162
0.0284734
0.0306832
0.0329946
0.0352806
0.0375666
0.0398018
0.042037
0.0442722
0.0465074
0.0487426
0.0509016
0.0531368
0.0553212
0.0574802
0.0596646
0.0618236
0.064008
0.065913
0.0680212
0.0701294
0.0721868
0.0742188
0.0762762
0.0782574
0.0802386
0.082169
0.0840994
0.0860044
0.0878078
0.0896112
0.0914146
0.093091
0.0946912
0.0963168
0.0978662
0.0993394
0.1007618
0.1021334
0.103378
0.1048004
0.1058418
0.1069086
0.10795
0.1088898
0.1098296
0.110617
0.111379
0.1120648
0.1126236
0.1131824
0.113665
0.1140968
0.1144016
0.1147318
0.1149604
0.1150874
0.1152144
0.1152144
0.1152144
0.1151636
0.1149604
0.1147826
0.1144778
0.114173
0.113792
0.1133602
0.1128522
0.1123696
0.1117346
0.111125
0.1103884
0.1096264
0.108839
0.1078992
0.1070864
0.1060958
0.1051052
0.1041146
0.102997
0.1018286
0.1007618
0.0995172
0.0982218
0.0969264
0.095504
0.0941324
0.09271
0.0911606
0.0896112
0.0880618
0.0864362
0.0847598
0.0830326
0.0813054
0.0794258
0.0776986
0.0758952
0.074041
0.0721106
0.0702056
0.0682244
0.0662178
0.0641858
0.0621284
0.0600964
0.057785
0.05588
0.0536956
0.0515874
0.0494284
0.0471932
0.045212
0.0429768
0.0407416
0.0384556
0.0361442
0.0338074
0.031623
0.0292608
0.0269748
0.0246888
0.0223266
0.0200406
0.0176784
0.0153162
0.012954
0.0105918
0.008128
0.0059436
0.0036068
0.0012954
-0.0011176
-0.0034036
-0.005715
-0.0080518
-0.010414
-0.0127762
-0.0151384
-0.0173736
-0.0196596
-0.0219456
-0.024257
-0.0263652
-0.0286512
-0.0309372
-0.0331724
-0.0354584
-0.0380238
-0.040132
-0.0422402
-0.04445
-0.0466852
-0.0489204
-0.0511556
-0.05334
-0.0555752
-0.057785
-0.0599694
-0.0621284
-0.0642366
-0.066421
-0.0685292
-0.0706882
-0.0727456
-0.0747776
-0.076835
-0.078867
-0.0808736
-0.0827786
-0.084709
-0.0866394
-0.0884174
-0.0902208
-0.0919734
-0.0935228
-0.095123
-0.0967486
-0.098298
-0.0997204
-0.1011936
-0.1025144
-0.1038098
-0.1050544
-0.106172
-0.1072896
-0.1082802
-0.1091946
-0.1101344
-0.1109472
-0.1116838
-0.1123696
-0.1129284
-0.1134872
-0.1139698
-0.1143508
-0.1147318
-0.1149604
-0.1151636
-0.1152906
-0.1153922
-0.1153922
-0.1153922
-0.1152906
-0.1150874
-0.1149096
-0.1146556
-0.1143508
-0.1139698
-0.113538
-0.1130554
-0.1124966
-0.1118616
-0.111252
-0.1105662
-0.1097534
-0.108966
-0.1080262
-0.1072134
-0.1062228
-0.1052322
-0.1041908
-0.1030732
-0.1019556
-0.1007618
-0.0994664
-0.098171
-0.0968502
-0.0954278
-0.0940054
-0.092583
-0.0910336
-0.0894842
-0.0879348
-0.0862584
-0.084582
-0.0829056
-0.0813054
-0.0794258
-0.0776986
-0.0758444
-0.0739902
-0.0720598
-0.0700786
-0.0681482
-0.0661162
-0.063881
-0.0620014
-0.0599694
-0.0578612
-0.055753
-0.0535686
-0.0514096
-0.0492252
-0.0470662
-0.044831
-0.042545
-0.040005
-0.0380746
-0.0357886
-0.0333502
-0.031242
-0.0289052
-0.0265938
-0.024257
-0.0219456
-0.0195834
-0.0172466
-0.0149352
-0.012827
-0.0104902
-0.008128
-0.0057658
-0.0034798
-0.0011176
0.0012446
0.0036068
0.0059436
0.008255
0.0105918
0.012954
0.0152654
0.0176022
0.0199136
0.0221996
0.0245618
0.0268478
0.0291338
0.0314452
0.0338074
0.0359664
0.0382016
0.0404876
0.0427228
0.044958
0.0471932
0.0493522
0.0515874
0.0538226
0.0561848
0.0579882
0.0600964
0.0622554
0.0644398
0.066548
0.0686562
0.0707644
0.0727964
0.0748538
0.0768858
0.078867
0.0808736
0.0827786
0.084709
0.0865632
0.0883666
0.0903478
0.0918972
0.0935736
0.0951992
0.0967994
0.098298
0.0997712
0.1011428
0.1025144
0.1038098
0.1049782
0.106299
0.1072134
0.108204
0.1091438
0.1099566
0.110744
0.111506
0.1121918
0.1127252
0.113284
0.113792
0.114173
0.1144778
0.1147826
0.1149604
0.1150874
0.1152144
0.1152144
0.1151636
0.1150874
0.1149096
0.1146556
0.1144016
0.114046
0.113665
0.1132332
0.1127252
0.1121918
0.1115568
0.110871
0.1101852
0.1094486
0.108585
0.1077214
0.1067816
0.1058418
0.1049274
0.1038606
0.102743
0.1014476
0.1004062
0.0991616
0.0978662
0.0964946
0.095123
0.0937006
0.092202
0.0907288
0.0891794
0.0875538
0.0858774
0.0840994
0.08255
0.0807974
0.078994
0.0771398
0.0752856
0.0734314
0.071501
0.0695706
0.0675894
0.0655574
0.0635508
0.0615188
0.0594106
0.0573532
0.0551942
0.0532638
0.0511048
0.0488696
0.0466852
0.04445
0.0422402
0.040005
0.0377698
0.0354584
0.0331724
0.0308864
0.028575
0.026289
0.0239268
0.0216408
0.0192786
0.0169418
0.0145796
0.0122682
0.0099314
0.0075692
0.005207
0.0028448
0.000508
-0.0018034
-0.0045212
-0.0065024
-0.0088646
-0.0111506
-0.013462
-0.0158242
-0.0178562
-0.0202184
-0.0226314
-0.0248158
-0.0271018
-0.0293878
-0.0316992
-0.0339852
-0.0362712
-0.0385064
-0.0407924
-0.0430276
-0.0452628
-0.047498
-0.0497332
-0.0520192
-0.0542036
-0.0564388
-0.0585978
-0.060833
-0.0629412
-0.0651002
-0.0672846
-0.0693928
-0.0716788
-0.0735584
-0.0755904
-0.0776478
-0.0796798
-0.081661
-0.0835914
-0.0855218
-0.087122
-0.0889762
-0.0909828
-0.092456
-0.0941832
-0.095758
-0.0973582
-0.0988568
-0.1002792
-0.1016254
-0.102997
-0.1042416
-0.10541
-0.1065276
-0.1076452
-0.1086358
-0.1095248
-0.1103884
-0.111125
-0.1118616
-0.1125474
-0.1131062
-0.1137412
-0.114046
-0.1144778
-0.1147826
-0.1150366
-0.1152144
-0.1153414
-0.1153922
-0.1153922
-0.1153414
-0.1152144
-0.1150874
-0.1148334
-0.1145286
-0.1142238
-0.1138428
-0.1133602
-0.1128522
-0.1122934
-0.1116838
-0.110998
-0.1103122
-0.1095248
-0.1087628
-0.1078484
-0.1069086
-0.1059688
-0.1049274
-0.1038606
-0.102743
-0.1015746
-0.1004062
-0.0990854
-0.09779
-0.0964946
-0.0950722
-0.0936498
-0.0921512
-0.0906018
-0.0890524
-0.08763
-0.0859536
-0.0842772
-0.08255
-0.0807974
-0.078994
-0.077216
-0.0752856
-0.0734314
-0.071501
-0.0694436
-0.0675386
-0.0655574
-0.0635
-0.0614426
-0.0593344
-0.0572262
-0.055118
-0.052959
-0.0508
-0.0485648
-0.0463296
-0.0441452
-0.04191
-0.0397002
-0.0373888
-0.0351028
-0.0328168
-0.0305054
-0.0282194
-0.0258572
-0.0235712
-0.021463
-0.0191008
-0.0168148
-0.0144526
-0.0120904
-0.0097282
-0.0073914
-0.0050292
-0.002667
-0.0001778
0.0022352
0.0043434
0.0067056
0.0089916
0.0113538
0.013716
0.016002
0.0183642
0.0206502
0.0231394
0.0252984
0.0275336
0.0298196
0.032131
0.034417
0.0366522
0.0389382
0.0411734
0.0434086
0.0458978
0.047879
0.0498602
0.0520954
0.0543306
0.0564896
0.058674
0.060833
0.0629412
0.0653034
0.0672084
0.0695198
0.0714502
0.0734822
0.0755396
0.0775716
0.0795528
0.0814832
0.0834136
0.0853186
0.0873252
0.0889762
0.0907288
0.092456
0.0941324
0.095758
0.0973074
0.0987806
0.100203
0.1016254
0.1030732
0.1041908
0.1053592
0.1063498
0.1074674
0.1084072
0.1093216
0.1101852
0.110998
0.1116838
0.1123696
0.1129284
0.113411
0.113919
0.1143
0.1146048
0.1148334
0.1150366
0.1151636
0.1152144
0.1152144
0.1151636
0.1150366
0.1148334
0.1146048
0.1143508
0.1139698
0.113538
0.1131062
0.1125474
0.1119378
0.111379
0.1106932
0.1099566
0.1091946
0.1084072
0.1075182
0.1066038
0.105664
0.1046226
0.1034288
0.1024382
0.1012698
0.1000252
0.0987806
0.0974852
0.0961136
0.094742
0.0932688
0.0917702
0.0902208
0.0886714
0.0870712
0.0854456
0.0837184
0.082042
0.0802386
0.0784352
0.0766572
0.0747268
0.0726186
0.0709422
0.068961
0.0670306
0.0649986
0.0629412
0.061087
0.0589788
0.0568706
0.0547624
0.052578
0.050419
0.0482346
0.0460248
0.0437896
0.0415544
0.0393192
0.0370332
0.0347218
0.032258
0.0301498
0.0278384
0.0255524
0.0231902
0.0209042
0.018542
0.0161798
0.0138176
0.0114808
0.0091186
0.0067056
0.0043942
0.0020574
-0.000254
-0.0026162
-0.004953
-0.0073152
-0.0096012
-0.0117094
-0.0140716
-0.0164338
-0.01905
-0.021082
-0.023368
-0.0256794
-0.0279654
-0.0302514
-0.0325628
-0.0348488
-0.0371348
-0.0394462
-0.0416814
-0.0439674
-0.0462026
-0.0484378
-0.050673
-0.0529082
-0.055118
-0.0573532
-0.0595376
-0.0616966
-0.063881
-0.06604
-0.0681482
-0.0702564
-0.0723646
-0.0744728
-0.076454
-0.0785114
-0.0803148
-0.0822198
-0.0841502
-0.0860806
-0.0879856
-0.089662
-0.0914146
-0.0931418
-0.0948182
-0.0963676
-0.097917
-0.0994156
-0.100838
-0.1021842
-0.1034288
-0.1046734
-0.105791
-0.1069086
-0.10795
-0.1088898
-0.1098296
-0.110617
-0.111379
-0.1121156
-0.1126744
-0.1132332
-0.1137412
-0.114173
-0.1144778
-0.1147826
-0.1150366
-0.1152144
-0.1152906
-0.1153414
-0.1153414
-0.1152906
-0.1151636
-0.1149604
-0.1147318
-0.1144016
-0.114046
-0.113665
-0.1131824
-0.1126744
-0.1121156
-0.111506
-0.110744
-0.1100582
-0.1092708
-0.1084072
-0.1075182
-0.1066038
-0.1056132
-0.1044956
-0.103505
-0.1023874
-0.1011936
-0.0999744
-0.0987298
-0.0973582
-0.0959866
-0.0945642
-0.0931418
-0.0917702
-0.090043
-0.0886714
-0.0870712
-0.0854456
-0.0837184
-0.0819912
-0.0802386
-0.0784352
-0.0764032
-0.0746506
-0.0728726
-0.0708914
-0.068961
-0.0669036
-0.0649224
-0.0628904
-0.060833
-0.0587248
-0.0565658
-0.0542036
-0.0522732
-0.0501142
-0.0479298
-0.0456946
-0.0434594
-0.0411734
-0.0389382
-0.036703
-0.0343662
-0.0320548
-0.0300228
-0.0277114
-0.0253746
-0.0230632
-0.020701
-0.018415
-0.0160528
-0.013716
-0.0113538
-0.0089916
-0.0065024
-0.0043434
-0.0019304
0.000381
0.0027178
0.00508
0.0074422
0.0098044
0.0120904
0.0144526
0.0168656
0.0191008
0.0213868
0.023749
0.026035
0.0283464
0.0306324
0.0329184
0.0352298
0.037465
0.0398018
0.0417322
0.0440182
0.0462534
0.0484886
0.0507238
0.0529082
0.055118
0.0573024
0.0597154
0.0616966
0.063754
0.065913
0.0680212
0.0701294
0.0722376
0.074295
0.0762762
0.0783082
0.0803148
0.0822198
0.0841502
0.0860044
0.0878586
0.089662
0.0914146
0.093091
0.094742
0.0963168
0.0978662
0.0993394
0.100711
0.1021842
0.103251
0.1044956
0.105664
0.1067816
0.1077722
0.1087628
0.1096264
0.1105154
0.111252
0.1119378
0.1125474
0.1131062
0.1136142
0.114046
0.1143508
0.1146556
0.1149096
0.1150366
0.1151636
0.1152144
0.1152144
0.1150874
0.1149604
0.1147826
0.1145286
0.114173
0.113792
0.113411
0.1129284
0.1123696
0.1118108
0.111252
0.1105662
0.1098296
0.1090168
0.1081532
0.1072896
0.1062228
0.1053084
0.1042924
0.1032002
0.1020826
0.1008888
0.0996442
0.0983488
0.0970534
0.0956818
0.0942594
0.0926338
0.0912876
0.089789
0.0881888
0.0865632
0.0848868
0.0832104
0.0814832
0.079756
0.0778764
0.0760222
0.0742188
0.0723138
0.0703834
0.06858
0.0665988
0.0646176
0.0625602
0.060452
0.05842
0.0562356
0.0540004
0.0519684
0.049784
0.047625
0.0453898
0.0431546
0.0409194
0.0386842
0.0363982
0.0341122
0.0318008
0.0295148
0.0272288
0.0248666
0.0225806
0.0202184
0.0178562
0.0155702
0.013208
0.0105918
0.0084836
0.0061468
0.0037846
0.0014224
-0.0008636
-0.003048
-0.005334
-0.0076962
-0.0100584
-0.0123952
-0.0147574
-0.0170434
-0.0193548
-0.0216408
-0.024003
-0.0262382
-0.028575
-0.0308864
-0.0331724
-0.0354584
-0.0378968
-0.040005
-0.0422402
-0.0445262
-0.0467614
-0.0489966
-0.0512318
-0.0534416
-0.0556768
-0.0578612
-0.0600964
-0.0622554
-0.0644398
-0.066548
-0.068707
-0.0708152
-0.0726694
-0.0747776
-0.0770128
-0.0788162
-0.0807974
-0.0827278
-0.0846582
-0.0865124
-0.0883666
-0.09017
-0.0918972
-0.0935736
-0.09525
-0.0967994
-0.0983488
-0.0997712
-0.1011936
-0.1025144
-0.1038098
-0.1049782
-0.106172
-0.1072134
-0.1082802
-0.1091946
-0.1100582
-0.110871
-0.111633
-0.1122426
-0.1128522
-0.113411
-0.113919
-0.1142238
-0.1146048
-0.1148334
-0.1150874
-0.1152906
-0.1153414
-0.1153922
-0.1153414
-0.1152906
-0.1151636
-0.1149096
-0.1146556
-0.1143508
-0.1139698
-0.113538
-0.1130554
-0.1124966
-0.1119378
-0.1113028
-0.1105662
-0.1098296
-0.1090168
-0.108204
-0.1072896
-0.106299
-0.1053592
-0.1042416
-0.1032002
-0.1020064
-0.100838
-0.0995934
-0.098298
-0.0971042
-0.095758
-0.0943102
-0.092837
-0.0913384
-0.089789
-0.0882396
-0.0866394
-0.0848868
-0.0832104
-0.0814832
-0.0796798
-0.0778764
-0.0760222
-0.074168
-0.0722376
-0.0703326
-0.068326
-0.0663448
-0.0643128
-0.0622554
-0.0598424
-0.058039
-0.0559308
-0.0537718
-0.0515874
-0.0494284
-0.047244
-0.0450088
-0.0427228
-0.0404876
-0.0382016
-0.0362204
-0.033909
-0.0315722
-0.0292608
-0.0269748
-0.0246888
-0.0223266
-0.0199644
-0.0176022
-0.0153162
-0.012954
-0.0105918
-0.008255
-0.0058928
-0.0035306
-0.0011684
0.0011684
0.0035306
0.0060706
0.0081788
0.010541
0.0129032
0.0151892
0.0175514
0.0198374
0.0221996
0.0244348
0.026797
0.029083
0.031369
0.0333502
0.0356616
0.0379476
0.0401828
0.042418
0.044704
0.0469392
0.0491744
0.0513334
0.0535686
0.055753
0.0579882
0.0601472
0.0622554
0.0644398
0.066548
0.0686562
0.0707644
0.0728726
0.0749046
0.0768858
0.0789432
0.0808736
0.0827786
0.084709
0.0865632
0.0883666
0.09017
0.0918972
0.0935736
0.0951992
0.0967994
0.098171
0.0995934
0.1010158
0.1023112
0.103632
0.1048512
0.1059688
0.1070864
0.108077
0.1090168
0.1098804
0.1106932
0.1114298
0.1121156
0.1127252
0.1132332
0.1137412
0.1140968
0.1144778
0.1147826
0.1149096
0.1150874
0.1151636
0.1152144
0.1151636
0.1150366
0.1149096
0.1146556
0.1144016
0.114046
0.113665
0.113284
0.1128014
0.1122426
0.1116838
0.110998
0.1103122
0.1095756
0.1087628
0.1078992
0.1069594
0.106045
0.1050544
0.1039876
0.10287
0.1015238
0.1005332
0.0992886
0.0979678
0.0966724
0.09525
0.0938276
0.092075
0.0908558
0.0893064
0.0876808
0.0860806
0.0844042
0.0826516
0.0809244
0.0791972
0.0773176
0.0756666
0.07366
0.071882
0.0699516
0.0679704
0.0659892
0.0639318
0.0619506
0.0598424
0.0577342
0.055626
0.05334
0.0512826
0.0491236
0.0469392
0.044704
0.0424688
0.0402336
0.0379476
0.0357124
0.0334264
0.0308102
0.0287782
0.0264668
0.0241808
0.0218186
0.0194818
0.0171196
0.0148082
0.0124714
0.0098552
0.007747
0.0051562
0.0032258
0.0009398
-0.0014224
-0.0037846
-0.0061468
-0.0084836
-0.0108458
-0.0133858
-0.015494
-0.0178562
-0.0202184
-0.0225044
-0.0248158
-0.0271526
-0.029464
-0.03175
-0.034036
-0.0363474
-0.0390652
-0.0408686
-0.0431546
-0.0453898
-0.0476758
-0.049911
-0.0521462
-0.0543814
-0.0566166
-0.0587756
-0.0610108
-0.0631952
-0.0651002
-0.0672846
-0.0693928
-0.071501
-0.0735584
-0.0756666
-0.0776986
-0.079883
-0.081661
-0.0835914
-0.0854456
-0.087249
-0.0891032
-0.0908558
-0.092583
-0.0941832
-0.0958596
-0.097409
-0.0990854
-0.10033
-0.1017016
-0.102997
-0.1042416
-0.10541
-0.1065276
-0.1075944
-0.108585
-0.1094486
-0.1103122
-0.1110742
-0.1118108
-0.1124204
-0.1129792
-0.1134872
-0.113919
-0.1143
-0.1146556
-0.1149096
-0.1150874
-0.1152144
-0.1153414
-0.1153414
-0.1152906
-0.1152144
-0.1150366
-0.1147826
-0.1145286
-0.1142238
-0.1137412
-0.1133602
-0.1128522
-0.1122934
-0.1116838
-0.1110742
-0.1103884
-0.1095756
-0.1087628
-0.1078992
-0.1069594
-0.106045
-0.1050544
-0.1039368
-0.1028192
-0.1017524
-0.100584
-0.0993394
-0.098044
-0.0966724
-0.0953008
-0.0938784
-0.0924052
-0.0909066
-0.0893572
-0.087757
-0.0861314
-0.084455
-0.0827278
-0.0809752
-0.079121
-0.0773176
-0.0754634
-0.0736092
-0.0716788
-0.0696976
-0.0677672
-0.0657352
-0.0636778
-0.0616458
-0.0595376
-0.0574802
-0.055372
-0.053213
-0.0510286
-0.0488696
-0.0469392
-0.0447802
-0.0425958
-0.0404368
-0.0382524
-0.0360934
-0.033909
-0.0318008
-0.0296926
-0.0275844
-0.0255524
-0.023495
-0.0215138
-0.0195834
-0.0177292
-0.0159258
-0.0140716
-0.0124714
-0.0108458
-0.0092964
-0.007874
-0.0065024
-0.005207
-0.0040386
-0.002921
-0.0018542
-0.0009906
-0.000127
0.0005588
0.0012446
0.0018034
0.002286
0.002667
0.003048
0.0032766
0.0034798
0.0036068
0.0037084
0.0037084
0.0037084
0.0036576
0.0035306
0.0034036
0.0032766
0.0030988
0.0028448
0.002667
0.002413
0.0022352
0.0019812
0.0017272
0.0014986
0.0012954
0.0010668
0.0008636
0.0006858
0.000508
0.0003048
0.0001778
0.0000508
-0.000127
-0.0001778
-0.0003048
-0.000381
-0.0004318
-0.000508
-0.0005588
-0.0006096
-0.0006096
-0.0006858
-0.0006858
-0.0006858
-0.0006858
-0.0006096
-0.0006096
-0.0006096
-0.0005588
-0.0005588
-0.0005588
-0.000508
-0.000508
-0.000508
-0.0004318
-0.0004318
-0.000381
-0.000381
-0.0003048
-0.0003048
-0.0003048
-0.0003048
-0.0003048
-0.000254
-0.000254
-0.000254
-0.000254
-0.000254
-0.000254
-0.0001778
-0.0001778
-0.0001778
-0.0001778
-0.0001778
-0.0001778
-0.0001778
-0.0001778
-0.0001778
-0.0001778
-0.0001778
-0.0001778
-0.0001778
-0.0001778
-0.0001778
-0.0001778
-0.0001778
-0.0001778
-0.0001778
-0.0001778
-0.000254
-0.0001778
-0.0001778
-0.000254
-0.000254
-0.000254
-0.0001778
-0.000254
-0.0001778
-0.000254
-0.000254
-0.0001778
-0.0001778
-0.0001778
-0.0001778
-0.000254
-0.0001778
-0.000254
-0.0001778
-0.000254
-0.0001778
-0.0001778
-0.0001778
-0.0001778
-0.0001778
-0.0001778
-0.0001778
-0.0001778
-0.0001778
-0.0001778
-0.0001778
-0.0001778
-0.0001778
-0.0001778
-0.0001778
-0.0001778
-0.0001778
-0.0001778
-0.0001778
-0.0001778
-0.0001778
-0.0001778
-0.0001778
-0.0001778
-0.0001778
-0.0001778
-0.0001778
-0.0001778
-0.0001778
-0.0001778
-0.0001778
-0.0001778
-0.0001778
-0.0001778
-0.0001778
-0.0001778
-0.0001778
-0.0001778
-0.0001778
-0.0001778
-0.0001778
-0.0001778
-0.0001778
-0.0001778
-0.0001778
-0.0001778
-0.0001778
-0.0001778
-0.0001778
-0.0001778
-0.0001778
-0.0001778
-0.0001778
-0.0001778
-0.0001778
-0.0001778
-0.0001778
-0.0001778
-0.0001778
-0.0001778
-0.0001778
-0.0001778
-0.0001778
-0.0001778
-0.0001778
-0.0001778
-0.0001778
-0.0001778
-0.0001778
-0.0001778
-0.0001778
-0.0001778
-0.0001778
-0.0001778
-0.0001778
-0.0001778
-0.0001778
-0.0001778
-0.0001778
-0.0001778
-0.0001778
-0.0001778
-0.0001778
-0.0001778
-0.0001778
-0.0001778
-0.0001778
-0.0001778
-0.0001778
-0.0001778
-0.0001778
-0.0001778
-0.0001778
-0.0001778
-0.0001778
-0.0001778
-0.0001778
-0.0001778
-0.0001778
-0.0001778
-0.0001778
-0.0001778
-0.0001778
-0.0001778
-0.0001778
-0.0001778
-0.0001778
-0.0001778
-0.0001778
-0.0001778
-0.0001778
-0.0001778
-0.0001778
-0.0001778
-0.0001778
-0.000127
-0.000127
-0.0001778
-0.0001778
-0.0001778
-0.0001778
-0.0001778
-0.0001778
-0.0001778
-0.000127
-0.0001778
-0.0001778
-0.0001778
-0.0001778
-0.0001778
-0.0001778
-0.000127
-0.0001778
-0.0001778
-0.0001778
-0.0001778
-0.0001778
-0.0001778
-0.0001778
-0.000127
-0.0001778
-0.0001778
-0.0001778
-0.000127
-0.000127
-0.0001778
-0.000127
-0.0001778
-0.0001778
-0.0001778
-0.0001778
-0.000127
-0.0001778
-0.000127
-0.0001778
-0.0001778
-0.000127
-0.000127
-0.0001778
-0.0001778
-0.0001778
-0.000127
-0.0001778
-0.0001778
-0.000127
-0.000127
-0.000127
-0.0001778
-0.000127
-0.0001778
-0.0001778
-0.000127
-0.000127
-0.000127
-0.000127
-0.000127
-0.000127
-0.000127
-0.000127
-0.0001778
-0.0001778
-0.000127
-0.000127
-0.000127