0
0
0.00508
0
0.00762
0
0.00508
0.0127
0.00762
0.0127
0.01016
0.02032
0.01778
0.0254
0.0254
0.03048
0.03556
0.0381
0.04318
0.05588
0.05588
0.06858
0.06858
0.09144
0.0762
0.09144
0.09906
0.11176
0.11938
0.12446
0.12954
0.14224
0.14986
0.16764
0.17272
0.12954
0.17526
0.18542
0.18542
0.19304
0.19812
0.19812
0.21082
0.20574
0.21082
0.21082
0.2159
0.2159
0.21082
0.21844
0.2159
0.21082
0.21082
0.21844
0.22352
0.1905
0.20066
0.2032
0.19812
0.19304
0.19812
0.18034
0.18542
0.18542
0.19304
0.14224
0.17272
0.16764
0.16256
0.16002
0.15494
0.15494
0.14986
0.14986
0.13462
0.13716
0.13716
0.12954
0.12446
0.12446
0.11176
0.11176
0.11176
0.09906
0.09906
0.09144
0.08128
0.08128
0.07874
0.06858
0.05588
0.0635
0.04826
0.04318
0.03302
0.03556
0.02032
0.01778
0.00508
0.00762
-0.00762
-0.00508
-0.01778
-0.0254
-0.03048
-0.03302
-0.04318
-0.04826
-0.0635
-0.05588
-0.06858
-0.06604
-0.08128
-0.08636
-0.09398
-0.09398
-0.09906
-0.10414
-0.11176
-0.11684
-0.11938
-0.12446
-0.12954
-0.12954
-0.14224
-0.14478
-0.14224
-0.14732
-0.14224
-0.15494
-0.16764
-0.16256
-0.17272
-0.16764
-0.17272
-0.18034
-0.18796
-0.1778
-0.18796
-0.1905
-0.19304
-0.19812
-0.19812
-0.19812
-0.20574
-0.2032
-0.20574
-0.21082
-0.21082
-0.21082
-0.21082
-0.2159
-0.21844
-0.2159
-0.23114
-0.21082
-0.2159
-0.22352
-0.22352
-0.20574
-0.22098
-0.22352
-0.22352
-0.22352
-0.22352
-0.22352
-0.22352
-0.22352
-0.22352
-0.2159
-0.22352
-0.22352
-0.2159
-0.21844
-0.2159
-0.2286
-0.20574
-0.21082
-0.21082
-0.21082
-0.21082
-0.21082
-0.20574
-0.23368
-0.18034
-0.20574
-0.19812
-0.2032
-0.20574
-0.19812
-0.20574
-0.18034
-0.19812
-0.21082
-0.1905
-0.18796
-0.19812
-0.1905
-0.19812
-0.19304
-0.19304
-0.19812
-0.19304
-0.1905
-0.19304
-0.19304
-0.1905
-0.19304
-0.18542
-0.19304
-0.18542
-0.19304
-0.18542
-0.19812
-0.21082
-0.15494
-0.18034
-0.18542
-0.17526
-0.18034
-0.17272
-0.17272
-0.14986
-0.16002
-0.15494
-0.15494
-0.14986
-0.13716
-0.12954
-0.12446
-0.12446
-0.10414
-0.09906
-0.09398
-0.08128
-0.07366
-0.06096
-0.05588
-0.0508
-0.03556
-0.0254
-0.02032
-0.01016
0
0.00508
0.01778
0.0254
0.03048
0.04318
0.04572
0.05334
0.0635
0.06858
0.06858
0.07874
0.08128
0.09398
0.09144
0.10668
0.10414
0.11176
0.11938
0.11684
0.12954
0.13208
0.12954
0.13716
0.14224
0.14732
0.15494
0.14986
0.16002
0.16256
0.16764
0.17272
0.16764
0.17272
0.18034
0.18034
0.19304
0.18542
0.19304
0.19812
0.19812
0.19812
0.18542
0.20574
0.2032
0.21082
0.21082
0.21844
0.2159
0.22352
0.21082
0.23622
0.21082
0.22352
0.22352
0.22352
0.2286
0.22352
0.2286
0.23114
0.22098
0.24892
0.21082
0.2286
0.23114
0.22352
0.2286
0.2286
0.22352
0.23114
0.22098
0.27432
0.18034
0.2032
0.22352
0.22352
0.22352
0.2159
0.22352
0.21844
0.2159
0.21844
0.2159
0.21844
0.21082
0.2159
0.21082
0.21082
0.21082
0.21082
0.20574
0.24638
0.16764
0.20574
0.2032
0.20574
0.2032
0.20574
0.20574
0.2032
0.22352
0.18034
0.2032
0.19812
0.18034
0.20574
0.19812
0.19812
0.19812
0.19812
0.19304
0.23622
0.16764
0.17272
0.18542
0.18796
0.17272
0.18034
0.16764
0.16002
0.16256
0.16002
0.14224
0.13716
0.13716
0.12192
0.11938
0.11176
0.10414
0.09398
0.08636
0.08128
0.06096
0.0635
0.05588
0.04318
0.03556
0.0254
0.0254
0.0127
0.00508
0
-0.00508
-0.0127
-0.0254
-0.0254
-0.03556
-0.04318
-0.04318
-0.05588
-0.05588
-0.06858
-0.0635
-0.07366
-0.08128
-0.08636
-0.09144
-0.09398
-0.09906
-0.10668
-0.11176
-0.12954
-0.09906
-0.12446
-0.12954
-0.12954
-0.13716
-0.12446
-0.14732
-0.14986
-0.14986
-0.15494
-0.16002
-0.16764
-0.16764
-0.16764
-0.18034
-0.17272
-0.18034
-0.19304
-0.18542
-0.21082
-0.17272
-0.19812
-0.20574
-0.19812
-0.21082
-0.21082
-0.20574
-0.2159
-0.21082
-0.2286
-0.20574
-0.22352
-0.22352
-0.22352
-0.22098
-0.23114
-0.2032
-0.22352
-0.23114
-0.2286
-0.2286
-0.23114
-0.2286
-0.2286
-0.23622
-0.2286
-0.23114
-0.2286
-0.2286
-0.254
-0.20574
-0.2286
-0.23114
-0.2286
-0.2286
-0.22352
-0.23114
-0.22098
-0.22352
-0.23622
-0.21844
-0.22098
-0.22352
-0.21844
-0.22352
-0.2159
-0.22352
-0.2159
-0.20066
-0.2159
-0.22352
-0.21082
-0.2159
-0.21082
-0.21844
-0.21082
-0.2159
-0.21082
-0.21082
-0.21844
-0.2032
-0.21082
-0.21082
-0.20574
-0.21082
-0.20574
-0.2032
-0.19812
-0.21082
-0.19304
-0.19812
-0.18542
-0.19304
-0.18542
-0.18034
-0.18034
-0.16764
-0.17272
-0.16256
-0.14224
-0.14732
-0.14224
-0.13716
-0.13716
-0.12446
-0.11684
-0.11176
-0.09906
-0.09398
-0.09144
-0.0762
-0.07366
-0.06858
-0.05588
-0.04826
-0.04318
-0.03302
-0.03048
-0.01778
-0.01778
-0.00762
0
0.00762
0.01016
0.02032
0.0254
0.03048
0.03556
0.04318
0.04572
0.04826
0.05588
0.06858
0.06858
0.07366
0.07366
0.0889
0.08636
0.09906
0.09906
0.11684
0.09398
0.11684
0.11176
0.12446
0.12954
0.13208
0.13462
0.14224
0.14478
0.14732
0.15494
0.15494
0.16256
0.16764
0.16764
0.17272
0.17272
0.19812
0.17526
0.18034
0.1905
0.17526
0.19812
0.19812
0.2032
0.20574
0.20574
0.21082
0.21082
0.2159
0.21082
0.22352
0.2159
0.22352
0.22352
0.22352
0.22352
0.22352
0.25908
0.19812
0.23114
0.2286
0.2286
0.23114
0.23622
0.2286
0.2286
0.23622
0.2286
0.23114
0.2286
0.23622
0.2032
0.23622
0.2286
0.23114
0.2286
0.2286
0.23114
0.2413
0.21082
0.22352
0.2286
0.22352
0.22352
0.22352
0.22352
0.2159
0.2413
0.20066
0.2159
0.21844
0.2159
0.2159
0.21082
0.21082
0.21844
0.21082
0.21082
0.21082
0.21082
0.21082
0.2032
0.18796
0.21082
0.2032
0.20574
0.2032
0.20574
0.19812
0.19812
0.19812
0.19304
0.19304
0.18542
0.18034
0.18542
0.18034
0.16764
0.16002
0.16256
0.16002
0.14986
0.13462
0.14478
0.12954
0.12446
0.11176
0.11176
0.10414
0.08636
0.08636
0.08128
0.06858
0.06096
0.0508
0.0508
0.04318
0.03556
0.0254
0.0254
0.0127
0.00508
0
-0.00508
-0.0127
-0.02032
-0.02286
-0.03048
-0.0381
-0.04318
-0.0508
-0.05588
-0.05588
-0.06858
-0.06604
-0.0762
-0.07874
-0.0889
-0.09144
-0.09398
-0.09906
-0.10414
-0.11176
-0.11176
-0.11938
-0.11176
-0.12954
-0.12954
-0.13716
-0.14224
-0.14224
-0.15494
-0.14986
-0.16002
-0.15494
-0.16764
-0.16764
-0.17526
-0.1778
-0.18034
-0.18034
-0.18542
-0.19304
-0.19304
-0.1905
-0.20574
-0.19812
-0.20574
-0.2159
-0.23622
-0.18034
-0.21082
-0.2159
-0.2159
-0.21844
-0.22352
-0.19812
-0.2286
-0.21844
-0.2286
-0.22352
-0.2286
-0.23114
-0.2286
-0.2286
-0.23114
-0.23368
-0.23114
-0.23368
-0.23114
-0.2286
-0.23622
-0.2286
-0.23114
-0.23368
-0.23114
-0.2286
-0.2286
-0.23114
-0.22352
-0.2286
-0.2286
-0.23114
-0.2286
-0.22352
-0.22352
-0.22352
-0.22098
-0.20066
-0.22098
-0.21844
-0.2159
-0.22352
-0.21844
-0.2159
-0.21844
-0.2159
-0.2159
-0.21844
-0.21082
-0.2159
-0.21082
-0.21082
-0.21844
-0.21082
-0.21082
-0.21082
-0.2032
-0.20574
-0.20574
-0.2032
-0.20574
-0.19812
-0.19812
-0.19304
-0.1905
-0.18796
-0.2032
-0.15494
-0.16256
-0.16764
-0.16002
-0.16256
-0.14732
-0.14986
-0.14224
-0.12954
-0.14224
-0.10668
-0.11176
-0.10414
-0.09906
-0.08636
-0.0889
-0.07366
-0.06858
-0.06096
-0.0508
-0.04826
-0.0381
-0.03048
-0.0254
-0.01778
-0.0127
0
0
0.00508
0.0127
0.0254
0.0254
0.03048
0.0381
0.04318
0.04826
0.05588
0.05588
0.0635
0.07366
0.07366
0.08128
0.08636
0.09398
0.09144
0.09906
0.10668
0.11176
0.11684
0.11938
0.12192
0.13208
0.12954
0.13716
0.14224
0.14224
0.15494
0.15494
0.15494
0.16764
0.17272
0.16256
0.17272
0.17526
0.16764
0.18542
0.18542
0.19304
0.1905
0.19304
0.21082
0.19812
0.20574
0.2032
0.21082
0.21082
0.21844
0.2159
0.21844
0.2413
0.21082
0.21082
0.2286
0.22352
0.22352
0.2286
0.23114
0.2286
0.2286
0.23114
0.2286
0.23622
0.2286
0.2286
0.23622
0.21082
0.23114
0.2286
0.2286
0.23622
0.23622
0.2286
0.2286
0.23114
0.2286
0.2286
0.23114
0.22352
0.2286
0.22352
0.2286
0.22352
0.22352
0.22352
0.2159
0.22352
0.22352
0.21844
0.2159
0.2159
0.23114
0.2032
0.21082
0.21082
0.21844
0.21082
0.21082
0.19304
0.21082
0.2032
0.21082
0.21082
0.20574
0.2032
0.20574
0.2032
0.19812
0.20066
0.1905
0.19304
0.19304
0.18542
0.18034
0.18034
0.17272
0.16764
0.16764
0.15494
0.14732
0.14986
0.14224
0.12954
0.12446
0.11938
0.11176
0.10414
0.09906
0.08636
0.0762
0.07366
0.06858
0.05588
0.05588
0.04318
0.03556
0.0381
0.01778
0.02032
0.0127
0.00508
-0.00508
-0.00762
-0.01778
-0.02032
-0.02286
-0.0381
-0.0381
-0.04318
-0.04826
-0.05588
-0.0635
-0.06604
-0.06858
-0.08128
-0.08128
-0.08636
-0.08636
-0.09906
-0.10668
-0.09144
-0.11176
-0.11176
-0.12446
-0.12446
-0.12954
-0.12954
-0.13716
-0.14224
-0.14986
-0.14732
-0.15494
-0.16256
-0.16002
-0.16764
-0.16764
-0.17526
-0.1778
-0.18034
-0.18542
-0.18796
-0.1905
-0.20066
-0.1905
-0.19812
-0.20574
-0.2032
-0.20574
-0.21082
-0.21082
-0.21844
-0.2159
-0.19812
-0.21844
-0.22098
-0.21844
-0.2286
-0.22352
-0.22352
-0.2286
-0.23114
-0.2286
-0.2286
-0.2794
-0.18034
-0.23622
-0.2286
-0.2286
-0.23622
-0.23114
-0.23368
-0.23114
-0.23368
-0.23114
-0.2286
-0.2286
-0.23114
-0.2286
-0.2286
-0.23114
-0.22352
-0.2286
-0.22352
-0.2159
-0.21844
-0.22352
-0.22352
-0.22098
-0.21844
-0.22352
-0.22352
-0.2159
-0.22352
-0.2159
-0.21844
-0.22352
-0.21082
-0.2159
-0.21844
-0.2159
-0.21082
-0.21844
-0.2286
-0.19304
-0.2159
-0.20574
-0.21082
-0.2032
-0.20574
-0.2032
-0.20574
-0.19812
-0.20574
-0.1778
-0.17526
-0.18542
-0.18034
-0.17272
-0.17272
-0.16764
-0.16256
-0.16764
-0.15494
-0.12446
-0.13462
-0.13208
-0.12192
-0.11938
-0.10414
-0.09906
-0.09398
-0.08636
-0.08128
-0.07366
-0.0635
-0.05588
-0.04826
-0.04318
-0.0381
-0.03048
-0.01778
-0.02032
-0.0127
0
0.00762
0.0127
0.0127
0.01778
0.03048
0.03048
0.04318
0.04318
0.0508
0.05588
0.06096
0.06858
0.06858
0.07366
0.0889
0.08636
0.08636
0.09906
0.10414
0.10668
0.11176
0.11176
0.12446
0.12446
0.12954
0.13716
0.13462
0.14986
0.14224
0.15494
0.15494
0.16256
0.16002
0.14986
0.17272
0.17272
0.18034
0.18034
0.18542
0.19304
0.19304
0.1905
0.19812
0.19812
0.20574
0.20574
0.21082
0.21082
0.21082
0.2159
0.21844
0.2159
0.22352
0.22352
0.2159
0.23114
0.22098
0.22352
0.27432
0.18542
0.2286
0.23114
0.2286
0.2286
0.21082
0.23114
0.2286
0.23622
0.2286
0.23622
0.2286
0.23114
0.23368
0.22352
0.23622
0.2286
0.23114
0.2286
0.2286
0.23114
0.22352
0.2286
0.22352
0.2286
0.22352
0.22352
0.22352
0.2159
0.2413
0.20574
0.2159
0.21844
0.2159
0.21844
0.2159
0.21844
0.1905
0.21844
0.2159
0.20574
0.21082
0.21082
0.21082
0.21082
0.2032
0.21082
0.20066
0.2032
0.20574
0.19812
0.19812
0.19812
0.18542
0.19304
0.18034
0.18542
0.17272
0.19304
0.17272
0.13716
0.15494
0.14986
0.14224
0.13716
0.12954
0.12446
0.11176
0.09906
0.10414
0.09398
0.08636
0.08128
0.06858
0.06604
0.05588
0.05588
0.04572
0.03048
0.03048
0.0254
0.0127
0.01016
0
-0.00508
-0.0127
-0.0127
-0.0254
-0.02286
-0.0381
-0.04826
-0.0381
-0.05588
-0.05588
-0.06096
-0.06858
-0.06858
-0.08128
-0.08636
-0.08128
-0.10414
-0.08128
-0.10668
-0.10414
-0.11176
-0.11684
-0.11938
-0.12954
-0.14224
-0.14224
-0.11938
-0.14224
-0.14986
-0.14732
-0.15494
-0.16256
-0.16764
-0.1651
-0.16764
-0.19304
-0.16256
-0.18542
-0.18542
-0.18542
-0.19304
-0.19812
-0.19812
-0.19812
-0.20574
-0.2032
-0.20574
-0.19304
-0.21082
-0.2159
-0.21844
-0.2159
-0.22352
-0.2159
-0.24892
-0.24892
-0.18034
-0.2286
-0.22352
-0.2286
-0.2286
-0.23114
-0.2286
-0.23622
-0.2286
-0.254
-0.21082
-0.23622
-0.2286
-0.23114
-0.23368
-0.23114
-0.23622
-0.2286
-0.2286
-0.23622
-0.2286
-0.24892
-0.18542
-0.23114
-0.2286
-0.22352
-0.2286
-0.22352
-0.22352
-0.2286
-0.22352
-0.22352
-0.2159
-0.22352
-0.22352
-0.21844
-0.22352
-0.2159
-0.21844
-0.22098
-0.21844
-0.2159
-0.21844
-0.21082
-0.2159
-0.21082
-0.21082
-0.21082
-0.21082
-0.21082
-0.20574
-0.2032
-0.20574
-0.18034
-0.19812
-0.19304
-0.1905
-0.18542
-0.18796
-0.17272
-0.18034
-0.17272
-0.16764
-0.14986
-0.14732
-0.14224
-0.14478
-0.12954
-0.12446
-0.12446
-0.11176
-0.10414
-0.09906
-0.09398
-0.07366
-0.07366
-0.06858
-0.0635
-0.05588
-0.04826
-0.0381
-0.03556
-0.02032
-0.02286
-0.0127
-0.00762
0
0.00762
0.0127
0.01778
0.01778
0.03048
0.0381
0.04318
0.04318
0.0508
0.05588
0.06858
0.06096
0.07366
0.08128
0.08128
0.09144
0.09398
0.09906
0.09906
0.11176
0.11176
0.11684
0.11938
0.12954
0.12954
0.13716
0.14224
0.14224
0.14986
0.13716
0.15494
0.16002
0.16764
0.16764
0.17272
0.17526
0.19812
0.16002
0.18796
0.1905
0.19304
0.19812
0.19812
0.19812
0.20574
0.2286
0.18542
0.21844
0.21082
0.2159
0.21844
0.2159
0.21844
0.22352
0.22098
0.23114
0.24638
0.20574
0.2286
0.23114
0.2286
0.20574
0.2286
0.23622
0.2286
0.2286
0.23622
0.2286
0.23622
0.23622
0.2286
0.23114
0.23368
0.23114
0.2286
0.2286
0.23114
0.2286
0.2286
0.23114
0.22352
0.2286
0.22352
0.2286
0.21844
0.2286
0.22352
0.2159
0.22352
0.21844
0.2159
0.22352
0.19304
0.2159
0.21844
0.21082
0.2159
0.21082
0.21844
0.21082
0.21082
0.21082
0.21082
0.21082
0.2032
0.20574
0.2159
0.19304
0.19812
0.20574
0.1905
0.19304
0.19304
0.18542
0.18542
0.18034
0.17272
0.17526
0.16002
0.16256
0.14732
0.14986
0.14224
0.11684
0.13208
0.11684
0.11684
0.10668
0.09906
0.08636
0.08636
0.08128
0.06858
0.06096
0.05588
0.0508
0.03556
0.0381
0.0254
0.01778
0.0127
0.00508
0
-0.00508
-0.0127
-0.01778
-0.0254
-0.03048
-0.0381
-0.03556
-0.0508
-0.05588
-0.06096
-0.0635
-0.06858
-0.06096
-0.08636
-0.08128
-0.08636
-0.09398
-0.09906
-0.10414
-0.11176
-0.11176
-0.11938
-0.12192
-0.12446
-0.13716
-0.13716
-0.13462
-0.14986
-0.14986
-0.14732
-0.16256
-0.16002
-0.16764
-0.16764
-0.16764
-0.18034
-0.18034
-0.1778
-0.19304
-0.18542
-0.19304
-0.19812
-0.19812
-0.18034
-0.20574
-0.21082
-0.2032
-0.21082
-0.21082
-0.21844
-0.2159
-0.2159
-0.22352
-0.22352
-0.22352
-0.22352
-0.2286
-0.22352
-0.23114
-0.2286
-0.2286
-0.23114
-0.23368
-0.23114
-0.2286
-0.23622
-0.2286
-0.23622
-0.2286
-0.23622
-0.2286
-0.23622
-0.2286
-0.23622
-0.20574
-0.2286
-0.23622
-0.22352
-0.2286
-0.2286
-0.23114
-0.22352
-0.2286
-0.2286
-0.22352
-0.22352
-0.22352
-0.22352
-0.22352
-0.22352
-0.22352
-0.2159
-0.23622
-0.2032
-0.21844
-0.22352
-0.21082
-0.22352
-0.21082
-0.2159
-0.2159
-0.21336
-0.21082
-0.21082
-0.21082
-0.21082
-0.18542
-0.2032
-0.19812
-0.20066
-0.19812
-0.1905
-0.19304
-0.19812
-0.16764
-0.18034
-0.16764
-0.16764
-0.16002
-0.15494
-0.14986
-0.14732
-0.13208
-0.12954
-0.12446
-0.11684
-0.10668
-0.10414
-0.09398
-0.08636
-0.08128
-0.07366
-0.06096
-0.0635
-0.04826
-0.04572
-0.03556
-0.03048
-0.0254
-0.01778
-0.0127
-0.00762
0.00762
0.00508
0.01778
0.0127
0.0254
0.0381
0.03048
0.04318
0.0508
0.05588
0.05334
0.06858
0.06858
0.0762
0.07874
0.08636
0.0889
0.09144
0.09906
0.10668
0.11176
0.11176
0.12446
0.11684
0.12954
0.13716
0.11684
0.14224
0.14986
0.14986
0.14732
0.16256
0.17272
0.15494
0.16764
0.17272
0.17526
0.18542
0.18034
0.1905
0.19304
0.19304
0.1905
0.23622
0.16764
0.20574
0.21082
0.2032
0.21844
0.21082
0.2159
0.22352
0.22352
0.21082
0.22352
0.22352
0.2286
0.22352
0.20574
0.2286
0.2286
0.23622
0.2286
0.24384
0.22098
0.23114
0.2286
0.23622
0.2286
0.23622
0.2286
0.23622
0.23622
0.2286
0.23114
0.2286
0.23622
0.2286
0.2286
0.23114
0.2286
0.2286
0.23114
0.23368
0.21844
0.22352
0.2286
0.21844
0.22098
0.20066
0.22098
0.22352
0.21844
0.22352
0.2159
0.21082
0.21844
0.2159
0.21082
0.2159
0.21082
0.21082
0.21336
0.21082
0.21082
0.2032
0.21844
0.1905
0.20574
0.19812
0.19812
0.19304
0.1905
0.19304
0.18034
0.18542
0.17272
0.16764
0.16764
0.15494
0.14478
0.14732
0.14224
0.13716
0.12954
0.13208
0.10922
0.11176
0.09906
0.1016
0.08636
0.07874
0.0762
0.06096
0.0635
0.04826
0.0508
0.03556
0.03048
0.0254
0.0127
0.0127
0.00508
-0.00508
-0.00508
-0.0127
-0.0254
-0.0254
-0.03048
-0.0381
-0.04318
-0.04826
-0.0508
-0.06096
-0.0635
-0.06858
-0.07874
-0.08128
-0.08128
-0.09144
-0.09398
-0.10414
-0.10668
-0.10414
-0.11938
-0.11684
-0.14986
-0.10414
-0.13208
-0.14224
-0.14224
-0.14224
-0.14986
-0.15494
-0.16002
-0.16256
-0.16764
-0.18542
-0.15494
-0.18034
-0.1778
-0.18796
-0.18542
-0.16764
-0.19812
-0.19812
-0.19304
-0.2032
-0.20574
-0.21082
-0.20574
-0.21082
-0.2159
-0.2159
-0.21844
-0.2159
-0.22352
-0.21844
-0.2286
-0.22352
-0.2286
-0.22352
-0.2286
-0.23114
-0.2286
-0.2286
-0.23622
-0.2413
-0.22352
-0.23114
-0.23368
-0.23114
-0.23622
-0.2286
-0.21082
-0.254
-0.21082
-0.2286
-0.23114
-0.23368
-0.23114
-0.22352
-0.23368
-0.22352
-0.23114
-0.22352
-0.2286
-0.2286
-0.22352
-0.22352
-0.22352
-0.22352
-0.22352
-0.2159
-0.22352
-0.2159
-0.22352
-0.21844
-0.2159
-0.21844
-0.2159
-0.21844
-0.2159
-0.2159
-0.21082
-0.21082
-0.23622
-0.16764
-0.21082
-0.21082
-0.20574
-0.2159
-0.18542
-0.20066
-0.19812
-0.18542
-0.19304
-0.1905
-0.17526
-0.17272
-0.17272
-0.16764
-0.15494
-0.15494
-0.14986
-0.14224
-0.14224
-0.11938
-0.12192
-0.11176
-0.10668
-0.10414
-0.0889
-0.09144
-0.0762
-0.06604
-0.0635
-0.05588
-0.04826
-0.04318
-0.0381
-0.0254
-0.0254
-0.01778
-0.00508
-0.00762
0.00762
0.00508
0.01778
0.02032
0.0254
0.03556
0.0381
0.04318
0.04826
0.05588
0.0635
0.06858
0.06858
0.07366
0.08128
0.08636
0.09144
0.09906
0.09906
0.10668
0.11176
0.11684
0.11938
0.11176
0.12954
0.13716
0.13462
0.14478
0.14224
0.14732
0.16256
0.15494
0.16764
0.17272
0.16256
0.17272
0.18034
0.1778
0.18796
0.18542
0.19304
0.19812
0.19812
0.21082
0.19304
0.2032
0.20574
0.21082
0.2159
0.21082
0.21844
0.22352
0.2159
0.22352
0.2286
0.19812
0.22352
0.22352
0.2286
0.23114
0.2286
0.2286
0.23622
0.23114
0.2286
0.23622
0.2286
0.23622
0.2286
0.23622
0.2286
0.23622
0.2286
0.23622
0.2413
0.21844
0.23622
0.2286
0.2286
0.2286
0.23114
0.2286
0.22352
0.24892
0.2032
0.22352
0.20574
0.22352
0.22352
0.2159
0.22352
0.22352
0.2159
0.2413
0.19304
0.21844
0.2159
0.2159
0.21082
0.21844
0.2159
0.20574
0.2159
0.21082
0.20574
0.22352
0.19812
0.19812
0.19812
0.19812
0.19812
0.19304
0.19304
0.18542
0.18034
0.18542
0.17272
0.14986
0.16764
0.16002
0.14986
0.14986
0.14224
0.13716
0.12192
0.13208
0.10414
0.10668
0.10414
0.09398
0.07874
0.08128
0.06858
0.06858
0.05588
0.04826
0.0381
0.0381
0.03048
0.01778
0.02032
0.00508
0
0
-0.0127
-0.0127
-0.0254
-0.03048
-0.03048
-0.0381
-0.04318
-0.04826
-0.05588
-0.0635
-0.06604
-0.0762
-0.07366
-0.08128
-0.08636
-0.09398
-0.09906
-0.09906
-0.10414
-0.11176
-0.11938
-0.12192
-0.11938
-0.12954
-0.13716
-0.13462
-0.14986
-0.14224
-0.15494
-0.15494
-0.16256
-0.1905
-0.13716
-0.16764
-0.18034
-0.16002
-0.18034
-0.18542
-0.18796
-0.1905
-0.19304
-0.19812
-0.20574
-0.19812
-0.2032
-0.21082
-0.20574
-0.2159
-0.21082
-0.21844
-0.22352
-0.2159
-0.22352
-0.22352
-0.22352
-0.22352
-0.2286
-0.22352
-0.23622
-0.2286
-0.2286
-0.27432
-0.19304
-0.2286
-0.2286
-0.23622
-0.23622
-0.2032
-0.23622
-0.2286
-0.23622
-0.254
-0.21082
-0.23114
-0.23368
-0.23114
-0.2286
-0.2286
-0.23114
-0.2286
-0.2286
-0.2667
-0.18796
-0.22098
-0.22352
-0.23114
-0.22352
-0.22098
-0.22352
-0.22352
-0.24892
-0.2032
-0.21082
-0.21844
-0.2159
-0.21844
-0.22352
-0.2159
-0.19304
-0.2159
-0.21082
-0.21844
-0.23622
-0.18542
-0.21082
-0.2032
-0.20574
-0.2032
-0.20066
-0.19812
-0.1905
-0.19304
-0.18542
-0.18034
-0.18034
-0.17272
-0.16764
-0.16256
-0.16002
-0.14986
-0.14224
-0.13716
-0.13462
-0.12446
-0.11938
-0.10414
-0.10668
-0.09906
-0.08636
-0.07366
-0.07366
-0.06858
-0.0635
-0.05588
-0.04826
-0.0381
-0.03556
-0.0254
-0.0254
-0.0127
-0.00508
0
0.00508
0.0127
0.0127
0.0254
0.02286
0.0381
0.04318
0.04318
0.0508
0.05588
0.06096
0.06858
0.08636
0.06858
0.08128
0.08636
0.09398
0.09906
0.09906
0.09906
0.11176
0.11684
0.11684
0.13716
0.12446
0.12954
0.13716
0.14986
0.14732
0.14986
0.16002
0.16256
0.16002
0.16764
0.17272
0.17526
0.18034
0.1778
0.19304
0.18542
0.23114
0.16002
0.19812
0.19812
0.20574
0.20574
0.21082
0.21082
0.2159
0.2159
0.19304
0.22352
0.21844
0.22098
0.22352
0.23114
0.22352
0.22098
0.23114
0.2286
0.2286
0.23622
0.254
0.20574
0.23622
0.23368
0.23114
0.23368
0.23622
0.23114
0.23368
0.23114
0.23368
0.24892
0.21844
0.23368
0.23114
0.2286
0.23622
0.2286
0.2286
0.23114
0.2032
0.23114
0.22352
0.22098
0.23114
0.22352
0.22352
0.22098
0.22352
0.22352
0.21844
0.2159
0.21844
0.22098
0.21844
0.2159
0.21082
0.21082
0.21844
0.21082
0.21082
0.21082
0.21082
0.2032
0.20574
0.20574
0.19812
0.19812
0.19304
0.1905
0.19812
0.15494
0.18034
0.18034
0.17272
0.16256
0.16002
0.15494
0.14986
0.14224
0.14986
0.12192
0.12446
0.11176
0.11176
0.09906
0.09906
0.08636
0.0889
0.07366
0.06858
0.05588
0.05588
0.04318
0.04318
0.03048
0.0254
0.01778
0.0127
0.00762
0
-0.00762
-0.00508
-0.02032
-0.02286
-0.03302
-0.03556
-0.0381
-0.04826
-0.0508
-0.05588
-0.06858
-0.06096
-0.0762
-0.07874
-0.08128
-0.08636
-0.09398
-0.09906
-0.10414
-0.10668
-0.11176
-0.11684
-0.12446
-0.12446
-0.13716
-0.12954
-0.14224
-0.14224
-0.14986
-0.15494
-0.17272
-0.14224
-0.14986
-0.16764
-0.17272
-0.17272
-0.18034
-0.18034
-0.19304
-0.18542
-0.19304
-0.19812
-0.19812
-0.19812
-0.20574
-0.2032
-0.21082
-0.20574
-0.2159
-0.21844
-0.2159
-0.21844
-0.2159
-0.22352
-0.22352
-0.22352
-0.2286
-0.22352
-0.2286
-0.23114
-0.2286
-0.24892
-0.2159
-0.23622
-0.2032
-0.23622
-0.2286
-0.23622
-0.23114
-0.23368
-0.23622
-0.2286
-0.23622
-0.23114
-0.23368
-0.23114
-0.2286
-0.23622
-0.2286
-0.2286
-0.23114
-0.2286
-0.2286
-0.22352
-0.23114
-0.22352
-0.22098
-0.23114
-0.22352
-0.24638
-0.19812
-0.22352
-0.22352
-0.21844
-0.22352
-0.1905
-0.22352
-0.21844
-0.2159
-0.2159
-0.21844
-0.21082
-0.2159
-0.21082
-0.21082
-0.20574
-0.21082
-0.20574
-0.19812
-0.19812
-0.19812
-0.19812
-0.18034
-0.18542
-0.18034
-0.17272
-0.17526
-0.16002
-0.16256
-0.1651
-0.13716
-0.13716
-0.13716
-0.12954
-0.11684
-0.11938
-0.09144
-0.10668
-0.09144
-0.0889
-0.07874
-0.06858
-0.06858
-0.06096
-0.0508
-0.04318
-0.0381
-0.03048
-0.0254
-0.01778
-0.0127
-0.00508
0
0.00508
0.0127
0.01778
0.03302
0.02286
0.0381
0.04318
0.05588
0.0508
0.05334
0.0635
0.06858
0.07366
0.08128
0.08128
0.07874
0.09398
0.09906
0.10414
0.10668
0.11684
0.11176
0.12446
0.12954
0.13208
0.13462
0.13716
0.14986
0.1778
0.12446
0.15494
0.16256
0.16764
0.16764
0.17272
0.17272
0.20574
0.16764
0.18542
0.18542
0.19304
0.19812
0.19812
0.20574
0.2032
0.20574
0.19304
0.21082
0.2159
0.21082
0.21844
0.22098
0.21844
0.22352
0.22352
0.2667
0.18542
0.2286
0.23622
0.2159
0.23622
0.23114
0.2286
0.2286
0.23114
0.23368
0.23622
0.23622
0.2286
0.23622
0.2286
0.23114
0.23368
0.23114
0.23622
0.2286
0.2286
0.21082
0.23114
0.2286
0.2286
0.23114
0.2286
0.22352
0.2286
0.22352
0.2286
0.22352
0.22352
0.22352
0.22352
0.2159
0.22352
0.21844
0.2159
0.22352
0.2159
0.21844
0.21082
0.2159
0.24384
0.18542
0.21082
0.2032
0.21082
0.20574
0.20574
0.2032
0.19812
0.18034
0.19304
0.1905
0.18796
0.18542
0.18034
0.17272
0.17272
0.16764
0.15494
0.15494
0.14986
0.14224
0.13716
0.12446
0.12446
0.11684
0.10414
0.10668
0.08636
0.09398
0.07874
0.06858
0.06858
0.05588
0.0508
0.04826
0.0381
0.03048
0.0254
0.01778
0.00762
0.00508
0
-0.0127
-0.0127
-0.01778
-0.0254
-0.03048
-0.0381
-0.04318
-0.04318
-0.05588
-0.06096
-0.06858
-0.0635
-0.07366
-0.08128
-0.08636
-0.08636
-0.09906
-0.09906
-0.10668
-0.11684
-0.10414
-0.11938
-0.12446
-0.12192
-0.13716
-0.13716
-0.14224
-0.14224
-0.15494
-0.13716
-0.15494
-0.16002
-0.16764
-0.16764
-0.17526
-0.1778
-0.18034
-0.18034
-0.19304
-0.18542
-0.19304
-0.19812
-0.19812
-0.2032
-0.20066
-0.21082
-0.21082
-0.2032
-0.21844
-0.2159
-0.21844
-0.2159
-0.22352
-0.22352
-0.22352
-0.22352
-0.2286
-0.2413
-0.21844
-0.22098
-0.21082
-0.23114
-0.23622
-0.2286
-0.23622
-0.2286
-0.2286
-0.23622
-0.23622
-0.2286
-0.23622
-0.2286
-0.23622
-0.23622
-0.2286
-0.23622
-0.2286
-0.23114
-0.2286
-0.2286
-0.23114
-0.2286
-0.22352
-0.2286
-0.23114
-0.22098
-0.22352
-0.23114
-0.22352
-0.2667
-0.1778
-0.19812
-0.22352
-0.22352
-0.21844
-0.22352
-0.2159
-0.2159
-0.21844
-0.2159
-0.21844
-0.21082
-0.2159
-0.21082
-0.20574
-0.21082
-0.2032
-0.20066
-0.2032
-0.19812
-0.19812
-0.18796
-0.18542
-0.18542
-0.18034
-0.17272
-0.16764
-0.16256
-0.16002
-0.16764
-0.12954
-0.13716
-0.12954
-0.11938
-0.11684
-0.11176
-0.10414
-0.1016
-0.09144
-0.09398
-0.06858
-0.06858
-0.06604
-0.05588
-0.0508
-0.04318
-0.0381
-0.02286
-0.0254
-0.01778
-0.00762
-0.00508
0.00508
0.00762
0.01016
0.0254
0.0254
0.03048
0.04318
0.04318
0.04318
0.05588
0.0635
0.06096
0.0635
0.07366
0.08636
0.08128
0.09144
0.09398
0.11684
0.0889
0.11176
0.11684
0.11684
0.11938
0.12954
0.13716
0.13462
0.14478
0.14732
0.14224
0.15494
0.16256
0.16002
0.16764
0.17526
0.17272
0.17272
0.18034
0.18542
0.19304
0.19304
0.1905
0.20066
0.1778
0.20574
0.20574
0.2032
0.21082
0.21844
0.21082
0.22098
0.21082
0.22352
0.21844
0.22352
0.22352
0.2286
0.22352
0.2286
0.24892
0.21082
0.23622
0.22098
0.23622
0.23114
0.23368
0.23622
0.2286
0.23622
0.23622
0.2286
0.254
0.21844
0.2286
0.23622
0.20574
0.23368
0.23114
0.23368
0.23114
0.2286
0.2286
0.23622
0.22352
0.22352
0.2286
0.22352
0.23114
0.22098
0.22352
0.23114
0.2159
0.2667
0.17272
0.22352
0.21844
0.2159
0.21844
0.2159
0.21844
0.2159
0.21082
0.21082
0.22352
0.19812
0.20574
0.18542
0.2032
0.20066
0.2032
0.19304
0.1905
0.19304
0.18542
0.18034
0.18034
0.17272
0.16764
0.16256
0.15494
0.15494
0.14224
0.14224
0.12954
0.13716
0.10668
0.11176
0.10414
0.09906
0.08636
0.08636
0.0762
0.07366
0.06096
0.05588
0.0508
0.0381
0.03048
0.03048
0.0254
0.0127
0.0127
0
0
-0.0127
-0.0127
-0.0254
-0.0254
-0.03048
-0.0381
-0.04826
-0.0508
-0.04826
-0.0635
-0.06604
-0.06858
-0.0762
-0.07874
-0.0889
-0.09144
-0.09398
-0.10414
-0.10668
-0.11176
-0.11176
-0.12192
-0.12446
-0.13208
-0.13462
-0.12446
-0.13716
-0.14732
-0.15494
-0.14986
-0.16256
-0.16002
-0.16764
-0.18034
-0.16764
-0.17272
-0.18034
-0.1905
-0.18796
-0.1905
-0.19304
-0.19304
-0.2032
-0.20574
-0.21082
-0.19812
-0.21082
-0.21082
-0.21844
-0.21082
-0.22098
-0.21844
-0.22352
-0.22352
-0.22352
-0.2286
-0.19812
-0.23622
-0.22352
-0.2286
-0.23622
-0.2286
-0.2286
-0.23622
-0.23622
-0.2286
-0.23622
-0.23622
-0.2286
-0.23622
-0.23622
-0.2286
-0.23622
-0.23622
-0.2286
-0.23622
-0.2286
-0.2286
-0.23114
-0.2286
-0.2286
-0.23114
-0.22352
-0.254
-0.2032
-0.22352
-0.2286
-0.20066
-0.2286
-0.2159
-0.22352
-0.22352
-0.22352
-0.22352
-0.23622
-0.2032
-0.21844
-0.2159
-0.21844
-0.2159
-0.21844
-0.21082
-0.21082
-0.21082
-0.24638
-0.16764
-0.20574
-0.2032
-0.19812
-0.20066
-0.1905
-0.18542
-0.18796
-0.1778
-0.19304
-0.16256
-0.16002
-0.16256
-0.16002
-0.12954
-0.14224
-0.13716
-0.12954
-0.13208
-0.11176
-0.11176
-0.10414
-0.09398
-0.09144
-0.08128
-0.07366
-0.06858
-0.0635
-0.04826
-0.05588
-0.03048
-0.0381
-0.0254
-0.01778
-0.01778
-0.00762
0
0
0.0127
0.01778
0.02032
0.03048
0.03048
0.04318
0.04318
0.04318
0.05588
0.0635
0.06858
0.06604
0.0762
0.08636
0.08636
0.08636
0.09906
0.09906
0.10668
0.11176
0.11684
0.12446
0.11684
0.13208
0.13462
0.13716
0.14986
0.14732
0.14986
0.15494
0.16002
0.16256
0.17272
0.16764
0.17526
0.1778
0.18796
0.18542
0.16764
0.1905
0.21844
0.17272
0.20574
0.2032
0.20574
0.2032
0.21082
0.21844
0.2159
0.21082
0.22352
0.21844
0.22352
0.22352
0.2286
0.22352
0.2286
0.2286
0.23114
0.2286
0.2286
0.23114
0.23622
0.2286
0.2286
0.23622
0.23622
0.23368
0.23114
0.23622
0.2413
0.21082
0.22352
0.23368
0.23114
0.23622
0.2286
0.2286
0.23622
0.2286
0.23114
0.2286
0.2286
0.23114
0.22352
0.24638
0.20574
0.22352
0.22352
0.22098
0.22352
0.22352
0.22352
0.21844
0.2159
0.2159
0.21844
0.2159
0.21082
0.21844
0.21082
0.19304
0.21082
0.21082
0.2032
0.20574
0.2032
0.19812
0.20066
0.19812
0.1905
0.18796
0.18542
0.18034
0.17272
0.17272
0.16256
0.16002
0.15494
0.14986
0.14224
0.13716
0.12954
0.12446
0.11684
0.10668
0.10414
0.09398
0.09144
0.08128
0.0762
0.06604
0.05588
0.0508
0.04826
0.04572
0.03048
0.02286
0.0254
0.0127
0.00762
0
-0.00762
-0.00508
-0.02032
-0.02286
-0.03302
-0.03048
-0.03556
-0.0508
-0.0508
-0.05334
-0.06858
-0.0635
-0.07366
-0.08128
-0.08128
-0.08636
-0.09144
-0.09398
-0.11684
-0.09398
-0.11176
-0.11684
-0.11176
-0.12446
-0.12954
-0.13716
-0.13716
-0.14224
-0.14986
-0.15494
-0.15494
-0.16002
-0.16256
-0.1651
-0.17526
-0.17272
-0.18034
-0.18034
-0.18542
-0.19304
-0.1905
-0.19304
-0.19812
-0.20574
-0.19812
-0.21082
-0.2032
-0.21082
-0.21082
-0.26162
-0.17272
-0.21844
-0.22352
-0.19812
-0.22352
-0.22352
-0.2286
-0.22352
-0.23622
-0.2286
-0.22352
-0.23622
-0.2286
-0.23622
-0.2286
-0.23622
-0.23622
-0.2286
-0.2286
-0.23622
-0.23622
-0.23622
-0.2286
-0.23622
-0.23368
-0.23114
-0.2286
-0.23622
-0.2286
-0.2413
-0.22352
-0.23114
-0.22352
-0.2286
-0.2286
-0.20574
-0.22352
-0.2286
-0.2286
-0.22352
-0.23114
-0.2159
-0.22352
-0.22352
-0.22352
-0.22352
-0.2159
-0.22352
-0.2159
-0.21844
-0.2159
-0.21082
-0.21844
-0.21082
-0.21082
-0.2032
-0.21082
-0.20574
-0.19812
-0.19812
-0.21844
-0.17272
-0.18034
-0.18542
-0.18034
-0.18034
-0.14224
-0.16764
-0.16002
-0.14986
-0.14732
-0.14986
-0.12446
-0.12954
-0.11684
-0.11176
-0.11176
-0.09906
-0.09398
-0.08636
-0.08128
-0.06858
-0.06858
-0.05588
-0.04826
-0.0508
-0.03556
-0.03048
-0.0254
-0.02032
-0.01016
-0.00762
0
0.00762
0.01016
0.02032
0.0254
0.02286
0.0381
0.0381
0.04826
0.0508
0.06096
0.06858
0.05588
0.07366
0.07366
0.0889
0.08636
0.09144
0.1016
0.10414
0.11176
0.10414
0.11938
0.11684
0.13208
0.12954
0.13462
0.14478
0.14224
0.16002
0.14224
0.15494
0.16256
0.16002
0.16764
0.18034
0.17272
0.16256
0.18542
0.18542
0.19304
0.19304
0.2032
0.18796
0.2032
0.20574
0.2032
0.21082
0.21082
0.21082
0.21844
0.23622
0.21082
0.21082
0.22098
0.22352
0.22352
0.22352
0.2286
0.23114
0.2286
0.2413
0.21844
0.23622
0.2286
0.2286
0.23622
0.23622
0.2032
0.23622
0.23622
0.23622
0.2286
0.23622
0.23622
0.2286
0.23622
0.2286
0.23622
0.2286
0.2286
0.24384
0.2159
0.2286
0.23114
0.2286
0.22352
0.2286
0.22352
0.22352
0.22352
0.26162
0.18542
0.22352
0.22352
0.2159
0.2159
0.21844
0.2159
0.19812
0.21844
0.21082
0.2286
0.19304
0.21082
0.21082
0.20574
0.2032
0.20574
0.19812
0.19812
0.19304
0.1905
0.18796
0.18542
0.18034
0.17272
0.16764
0.16764
0.15494
0.15494
0.16002
0.13208
0.12954
0.12954
0.11938
0.11684
0.10414
0.09906
0.09398
0.08636
0.0762
0.07366
0.06096
0.0635
0.04826
0.04318
0.0381
0.0381
0.02286
0.02032
0.0127
0
0
-0.00762
-0.0127
-0.01778
-0.0254
-0.03048
-0.03048
-0.0508
-0.04318
-0.05588
-0.05588
-0.06096
-0.06858
-0.07366
-0.08128
-0.08636
-0.08636
-0.09398
-0.09906
-0.09398
-0.11176
-0.11176
-0.11684
-0.11684
-0.13208
-0.12954
-0.13716
-0.15494
-0.12954
-0.14986
-0.15494
-0.15494
-0.16002
-0.16764
-0.16764
-0.17272
-0.17526
-0.18034
-0.18542
-0.18542
-0.19304
-0.1905
-0.19304
-0.19812
-0.20574
-0.2032
-0.21082
-0.20574
-0.21082
-0.2159
-0.19304
-0.2159
-0.21844
-0.22352
-0.22352
-0.22352
-0.22098
-0.23114
-0.2286
-0.2413
-0.21844
-0.2286
-0.2286
-0.23622
-0.23114
-0.23368
-0.23114
-0.23368
-0.23622
-0.23622
-0.2286
-0.24384
-0.2286
-0.2286
-0.23622
-0.23622
-0.2286
-0.23622
-0.2286
-0.23622
-0.2286
-0.23114
-0.2032
-0.23114
-0.2286
-0.2286
-0.22352
-0.2286
-0.22352
-0.23114
-0.2413
-0.2032
-0.22352
-0.22352
-0.22352
-0.22352
-0.2159
-0.22352
-0.21844
-0.2159
-0.21844
-0.2159
-0.21844
-0.21082
-0.21082
-0.21082
-0.2032
-0.21082
-0.19812
-0.19812
-0.20066
-0.19812
-0.18542
-0.17272
-0.18034
-0.17272
-0.17526
-0.16764
-0.16002
-0.15494
-0.14986
-0.14732
-0.14478
-0.12954
-0.12446
-0.11684
-0.11176
-0.10414
-0.1016
-0.08636
-0.08636
-0.08128
-0.06858
-0.06096
-0.04826
-0.05588
-0.0381
-0.0381
-0.03048
-0.0254
-0.01778
-0.00508
-0.00762
0.00762
0.00508
0.0127
0.01778
0.0254
0.03048
0.0381
0.04318
0.04826
0.0508
0.06096
0.0635
0.06858
0.07366
0.08128
0.08636
0.08636
0.09398
0.09906
0.12446
0.09144
0.11176
0.11938
0.12192
0.13208
0.12954
0.14224
0.13716
0.14732
0.17526
0.12954
0.15494
0.16002
0.14986
0.17272
0.17526
0.17272
0.18034
0.18542
0.18542
0.19304
0.19304
0.19812
0.19812
0.20574
0.2032
0.20574
0.21082
0.21082
0.254
0.18034
0.2159
0.21844
0.22098
0.22352
0.22352
0.22352
0.2286
0.23114
0.23622
0.22098
0.23114
0.2286
0.2286
0.21082
0.23622
0.23622
0.2286
0.23622
0.23622
0.2286
0.23622
0.23622
0.2286
0.23622
0.23622
0.2286
0.23622
0.2286
0.23622
0.2286
0.23114
0.2286
0.2286
0.23114
0.2286
0.2286
0.23114
0.22098
0.23114
0.2159
0.22352
0.2286
0.21844
0.22352
0.19812
0.2159
0.22352
0.23622
0.19812
0.21082
0.21844
0.21082
0.21082
0.21082
0.2032
0.21082
0.20574
0.19812
0.19812
0.19812
0.19304
0.18542
0.18542
0.18034
0.18034
0.16764
0.16764
0.16002
0.15494
0.15494
0.14224
0.13716
0.12954
0.12446
0.11938
0.11176
0.09144
0.09906
0.09398
0.08636
0.07366
0.06858
0.0635
0.05588
0.04826
0.04318
0.0381
0.03048
0.01778
0.02032
0.0127
0
-0.00762
-0.00508
-0.0127
-0.0254
-0.0254
-0.03048
-0.0381
-0.04318
-0.04826
-0.05588
-0.05588
-0.06858
-0.06858
-0.07366
-0.08636
-0.0762
-0.08636
-0.09906
-0.11176
-0.09144
-0.11176
-0.11176
-0.11938
-0.12446
-0.12954
-0.12954
-0.13716
-0.14224
-0.15494
-0.14224
-0.15494
-0.15494
-0.16256
-0.17272
-0.19812
-0.14224
-0.18034
-0.19304
-0.16764
-0.1905
-0.18796
-0.19812
-0.1905
-0.20066
-0.2032
-0.20574
-0.2032
-0.19304
-0.21082
-0.2159
-0.21082
-0.21844
-0.22352
-0.2159
-0.22352
-0.2286
-0.22352
-0.23114
-0.2286
-0.22352
-0.23622
-0.2286
-0.2286
-0.23622
-0.2286
-0.23622
-0.23622
-0.27178
-0.19304
-0.23622
-0.23622
-0.23368
-0.23114
-0.23622
-0.2286
-0.23622
-0.23368
-0.23114
-0.23368
-0.20574
-0.2286
-0.23622
-0.2286
-0.23114
-0.2286
-0.22352
-0.2286
-0.23114
-0.2286
-0.22352
-0.22352
-0.2286
-0.22352
-0.22352
-0.22352
-0.22352
-0.2159
-0.22352
-0.21844
-0.22098
-0.21082
-0.21844
-0.2159
-0.21082
-0.21082
-0.21082
-0.20574
-0.2032
-0.21082
-0.17526
-0.19304
-0.1905
-0.19304
-0.18034
-0.1778
-0.18034
-0.18796
-0.14732
-0.16256
-0.14732
-0.14986
-0.14224
-0.13716
-0.12954
-0.12446
-0.11176
-0.11176
-0.09906
-0.09906
-0.07874
-0.08128
-0.0762
-0.07366
-0.05588
-0.05588
-0.04826
-0.0381
-0.03048
-0.03048
-0.02032
-0.01778
-0.00508
0
0
0.01016
0.02032
0.01778
0.03048
0.0254
0.0381
0.04826
0.0508
0.04826
0.0635
0.06858
0.06604
0.0762
0.07874
0.0889
0.09144
0.09398
0.09906
0.10414
0.11176
0.11938
0.11684
0.12446
0.12954
0.13716
0.13716
0.14224
0.14732
0.13208
0.15494
0.16002
0.16256
0.16764
0.1778
0.16764
0.18034
0.18034
0.18542
0.18542
0.19304
0.19812
0.19304
0.2032
0.20574
0.20574
0.2032
0.21082
0.21844
0.21082
0.2159
0.22352
0.2159
0.22352
0.22352
0.22352
0.2286
0.22352
0.23114
0.2286
0.20574
0.23368
0.23114
0.2286
0.23622
0.23622
0.23368
0.27432
0.1905
0.23622
0.23114
0.23368
0.23114
0.23368
0.23622
0.23622
0.23622
0.2286
0.23622
0.2286
0.2286
0.23114
0.2286
0.2286
0.23114
0.2286
0.2286
0.22352
0.23622
0.21844
0.22098
0.22352
0.19812
0.22352
0.22352
0.21844
0.22352
0.22352
0.21082
0.2159
0.21082
0.2159
0.21082
0.21082
0.21082
0.21082
0.20574
0.20574
0.19812
0.19812
0.19304
0.1905
0.18542
0.18796
0.1778
0.17526
0.17272
0.16256
0.16002
0.15494
0.14224
0.14224
0.13716
0.11176
0.12954
0.11176
0.11176
0.10668
0.09144
0.0889
0.07874
0.0762
0.06858
0.06096
0.05588
0.04318
0.04318
0.03048
0.03048
0.02032
0.0127
0.00508
0.00762
-0.00762
-0.0127
-0.0127
-0.02286
-0.03302
-0.03048
-0.03556
-0.04572
-0.05588
-0.05334
-0.0635
-0.05588
-0.06858
-0.07874
-0.08128
-0.08636
-0.09398
-0.09398
-0.10414
-0.10668
-0.10414
-0.11938
-0.12192
-0.12446
-0.12954
-0.13716
-0.13716
-0.14224
-0.14986
-0.14732
-0.15494
-0.16256
-0.16002
-0.17526
-0.17272
-0.16764
-0.18034
-0.18542
-0.18542
-0.18542
-0.19304
-0.19304
-0.19812
-0.19812
-0.18542
-0.20574
-0.2032
-0.21082
-0.21844
-0.24638
-0.18034
-0.22352
-0.21082
-0.23114
-0.22098
-0.22352
-0.22352
-0.23114
-0.2286
-0.2286
-0.23114
-0.2286
-0.23622
-0.23368
-0.23114
-0.23368
-0.23114
-0.23622
-0.23368
-0.23622
-0.23622
-0.23622
-0.23368
-0.23114
-0.21082
-0.23622
-0.23368
-0.23114
-0.23368
-0.23114
-0.23622
-0.2286
-0.2286
-0.23114
-0.2286
-0.2286
-0.23114
-0.22098
-0.23114
-0.22352
-0.2286
-0.22352
-0.22352
-0.2286
-0.22352
-0.2286
-0.21082
-0.22352
-0.21844
-0.2159
-0.21844
-0.2159
-0.21082
-0.2159
-0.21336
-0.18542
-0.2032
-0.20574
-0.19812
-0.19812
-0.19304
-0.1905
-0.18796
-0.18542
-0.17272
-0.17526
-0.16764
-0.16002
-0.16256
-0.14732
-0.14224
-0.14224
-0.13208
-0.12446
-0.12192
-0.11176
-0.10668
-0.09906
-0.09398
-0.08636
-0.07366
-0.07366
-0.0635
-0.06096
-0.0508
-0.04318
-0.04318
-0.03048
-0.01778
-0.02032
-0.01778
0
-0.00508
0.00508
0.0127
0.01778
0.02032
0.03048
0.04318
0.03048
0.04318
0.0508
0.05588
0.06096
0.06858
0.07366
0.07366
0.09398
0.08128
0.08636
0.09906
0.10668
0.10414
0.11176
0.11684
0.11938
0.12954
0.12954
0.11938
0.14224
0.14224
0.14986
0.14732
0.15494
0.16256
0.16764
0.16764
0.1651
0.18034
0.19812
0.16256
0.18542
0.19304
0.1905
0.19304
0.19812
0.20574
0.2032
0.20574
0.2286
0.19304
0.21082
0.2159
0.21844
0.2159
0.22352
0.22352
0.22352
0.27178
0.15748
0.2286
0.2286
0.23114
0.2286
0.23622
0.2286
0.2286
0.23622
0.23622
0.2286
0.23622
0.23622
0.23368
0.23622
0.23114
0.23368
0.23622
0.23622
0.23622
0.2286
0.23622
0.2286
0.2286
0.23622
0.23114
0.23368
0.22352
0.23114
0.2667
0.1905
0.23114
0.2032
0.22352
0.22352
0.22352
0.22352
0.22352
0.22098
0.22352
0.21844
0.2159
0.21844
0.2159
0.21844
0.21082
0.21082
0.2159
0.20574
0.21082
0.2032
0.19812
0.19812
0.20066
0.1905
0.19304
0.18034
0.18542
0.17272
0.19304
0.14986
0.16002
0.15494
0.13716
0.14732
0.13716
0.13716
0.12446
0.11684
0.12446
0.09906
0.09906
0.09398
0.07874
0.08128
0.07366
0.0635
0.05588
0.05588
0.04318
0.0381
0.03048
0.03048
0.0127
0.0127
0.00508
0
-0.00508
-0.0127
-0.02032
-0.01778
-0.03048
-0.0381
-0.03556
-0.04318
-0.05588
-0.05588
-0.0635
-0.06096
-0.09398
-0.06096
-0.08128
-0.08636
-0.09398
-0.09906
-0.10414
-0.10668
-0.11176
-0.12954
-0.11176
-0.12446
-0.12954
-0.13716
-0.14224
-0.14224
-0.14986
-0.15494
-0.15494
-0.16002
-0.16764
-0.16764
-0.16764
-0.18034
-0.18034
-0.1778
-0.18796
-0.17272
-0.19304
-0.1905
-0.20574
-0.21082
-0.19304
-0.2032
-0.20574
-0.21082
-0.2159
-0.21844
-0.2159
-0.21844
-0.2159
-0.22352
-0.22352
-0.2286
-0.22352
-0.2286
-0.23114
-0.2286
-0.2286
-0.23114
-0.23368
-0.27432
-0.21082
-0.2159
-0.23622
-0.2286
-0.23622
-0.23622
-0.21082
-0.254
-0.21844
-0.23368
-0.23114
-0.23368
-0.23114
-0.23622
-0.2286
-0.2286
-0.23622
-0.2286
-0.23114
-0.2286
-0.2286
-0.23114
-0.22352
-0.2286
-0.2286
-0.22352
-0.22352
-0.2286
-0.2667
-0.18034
-0.22352
-0.22352
-0.2159
-0.22352
-0.21844
-0.2159
-0.21844
-0.1905
-0.21844
-0.21082
-0.21082
-0.2032
-0.20574
-0.2032
-0.20066
-0.19812
-0.1905
-0.19304
-0.18542
-0.18034
-0.18034
-0.16764
-0.16764
-0.16002
-0.15494
-0.14986
-0.14224
-0.14224
-0.12954
-0.12446
-0.11938
-0.11176
-0.10414
-0.09398
-0.09144
-0.08636
-0.0762
-0.07366
-0.06096
-0.0508
-0.0508
-0.04318
-0.03556
-0.03048
-0.0254
-0.0127
-0.0127
-0.00508
0
0.00508
0.0127
0.01778
0.0254
0.03048
0.0381
0.03556
0.0508
0.0508
0.06096
0.06096
0.06858
0.0762
0.07366
0.08636
0.08636
0.09398
0.09906
0.10414
0.11176
0.11176
0.10668
0.12446
0.12192
0.13208
0.13462
0.14478
0.14224
0.16764
0.13462
0.16256
0.16002
0.16256
0.16764
0.1778
0.17526
0.18034
0.18542
0.18542
0.19304
0.1905
0.19304
0.20574
0.2032
0.19812
0.21082
0.21082
0.21082
0.21844
0.21082
0.22352
0.2159
0.22352
0.19812
0.22352
0.2286
0.22352
0.23114
0.2286
0.2413
0.21844
0.23368
0.23114
0.23622
0.2286
0.23622
0.23368
0.23114
0.2413
0.2286
0.23622
0.23622
0.2286
0.23622
0.23622
0.23622
0.23368
0.23114
0.23368
0.23114
0.2413
0.22352
0.2286
0.23622
0.21082
0.22352
0.2286
0.22352
0.2286
0.22352
0.23114
0.22352
0.22098
0.22352
0.21844
0.22352
0.22352
0.2159
0.2159
0.21844
0.2159
0.21082
0.21082
0.21082
0.21082
0.20574
0.19812
0.20574
0.2159
0.17272
0.19304
0.19304
0.18034
0.1778
0.17526
0.15494
0.16764
0.15494
0.15494
0.14732
0.15494
0.12446
0.13208
0.12192
0.11938
0.11176
0.10414
0.09398
0.09906
0.07366
0.08128
0.06858
0.06096
0.05588
0.0508
0.04318
0.03556
0.0254
0.0254
0.01778
0.00762
0.00508
0
-0.0127
-0.0127
-0.01778
-0.03048
-0.0254
-0.0381
-0.04318
-0.04826
-0.0508
-0.05588
-0.06096
-0.06858
-0.07366
-0.08128
-0.08636
-0.08636
-0.09906
-0.09398
-0.10668
-0.10922
-0.11176
-0.11938
-0.12954
-0.12446
-0.12954
-0.13716
-0.14224
-0.15494
-0.14224
-0.15494
-0.15494
-0.16256
-0.16764
-0.17272
-0.16764
-0.16002
-0.18034
-0.21082
-0.16256
-0.1905
-0.19304
-0.19812
-0.19304
-0.2032
-0.20574
-0.2286
-0.18796
-0.21082
-0.2159
-0.21082
-0.22352
-0.2159
-0.21844
-0.2286
-0.22352
-0.22352
-0.2286
-0.23114
-0.2286
-0.2286
-0.23114
-0.2286
-0.23622
-0.2286
-0.23622
-0.23622
-0.21082
-0.23368
-0.23622
-0.23622
-0.2286
-0.23622
-0.23622
-0.2286
-0.23622
-0.23622
-0.23622
-0.2413
-0.2159
-0.24892
-0.2159
-0.23114
-0.2286
-0.23622
-0.2286
-0.2286
-0.22352
-0.23114
-0.2286
-0.2286
-0.22352
-0.22352
-0.22352
-0.22352
-0.22352
-0.22352
-0.2159
-0.22352
-0.21082
-0.20574
-0.21082
-0.2159
-0.21082
-0.21082
-0.21082
-0.20574
-0.2032
-0.20574
-0.2413
-0.15494
-0.18542
-0.19304
-0.18034
-0.1778
-0.17526
-0.17272
-0.18034
-0.14224
-0.15494
-0.14986
-0.14224
-0.12954
-0.12954
-0.12446
-0.11176
-0.11176
-0.09906
-0.11176
-0.07366
-0.0762
-0.07366
-0.06858
-0.06096
-0.05588
-0.04318
-0.04572
-0.03556
-0.0254
-0.0254
-0.0127
-0.01016
0
0
0.01016
0.0127
0.02032
0.02286
0.0381
0.0381
0.04318
0.04318
0.05588
0.06096
0.0635
0.07366
0.07366
0.08128
0.08128
0.09144
0.09398
0.09398
0.10414
0.10668
0.11176
0.12192
0.12446
0.12446
0.12954
0.14986
0.13716
0.14224
0.14732
0.16256
0.15494
0.16002
0.16764
0.17526
0.17272
0.17272
0.18034
0.18542
0.19304
0.19304
0.1905
0.20066
0.19812
0.2032
0.20574
0.2286
0.19304
0.21082
0.2159
0.19304
0.2159
0.22352
0.21844
0.22352
0.2286
0.22352
0.2286
0.23114
0.2286
0.2286
0.23114
0.23368
0.23114
0.2286
0.23622
0.254
0.2159
0.23622
0.2286
0.23622
0.23622
0.23622
0.23622
0.2286
0.23622
0.23368
0.23114
0.2286
0.23622
0.2286
0.21082
0.2286
0.23114
0.2286
0.2286
0.23114
0.22352
0.2286
0.22352
0.22352
0.22352
0.22352
0.22098
0.22352
0.22352
0.26162
0.17272
0.22352
0.21082
0.21844
0.21082
0.2159
0.21082
0.20574
0.21082
0.2032
0.20574
0.19812
0.19812
0.19304
0.1905
0.16764
0.18542
0.18034
0.18034
0.16764
0.16764
0.15494
0.15494
0.14986
0.14224
0.13462
0.13208
0.12446
0.10922
0.11176
0.10668
0.09398
0.09144
0.08128
0.07366
0.06858
0.06096
0.0508
0.0508
0.04318
0.03048
0.03048
0.01778
0.02032
0.00508
0
0
-0.00508
-0.02032
-0.01778
-0.03048
-0.03048
-0.04318
-0.0381
-0.0508
-0.05588
-0.06096
-0.06096
-0.06858
-0.08128
-0.08128
-0.09906
-0.07366
-0.09906
-0.09906
-0.10668
-0.11176
-0.11684
-0.11684
-0.12446
-0.13208
-0.12954
-0.14224
-0.14224
-0.14986
-0.14732
-0.15494
-0.16256
-0.14224
-0.16764
-0.17272
-0.17526
-0.17272
-0.18542
-0.18542
-0.18796
-0.1905
-0.19304
-0.19812
-0.19812
-0.19812
-0.21082
-0.20574
-0.21082
-0.21082
-0.21844
-0.21082
-0.22098
-0.21844
-0.2159
-0.24892
-0.20574
-0.2413
-0.21082
-0.2286
-0.2286
-0.23114
-0.2286
-0.23622
-0.2032
-0.24384
-0.254
-0.2032
-0.23622
-0.2286
-0.23622
-0.23622
-0.23622
-0.23368
-0.23114
-0.23622
-0.23368
-0.23114
-0.23368
-0.23114
-0.23622
-0.2286
-0.2286
-0.23114
-0.2286
-0.23622
-0.23368
-0.21844
-0.2286
-0.22352
-0.2286
-0.22352
-0.23114
-0.22352
-0.22098
-0.24384
-0.19812
-0.2159
-0.20574
-0.22352
-0.2159
-0.21844
-0.2159
-0.21082
-0.21844
-0.23368
-0.18796
-0.2032
-0.20574
-0.19812
-0.19812
-0.19812
-0.18542
-0.19304
-0.18034
-0.18542
-0.19304
-0.14224
-0.16764
-0.15494
-0.15494
-0.14224
-0.14224
-0.13716
-0.12446
-0.12446
-0.10922
-0.1016
-0.09906
-0.09144
-0.08636
-0.08128
-0.07366
-0.06858
-0.05588
-0.05588
-0.04318
-0.04318
-0.03302
-0.02286
-0.0254
-0.0127
-0.00508
0
0
0.01016
0.02032
0.01778
0.03048
0.03048
0.0381
0.0508
0.04826
0.05588
0.0635
0.06096
0.08636
0.0635
0.07366
0.09398
0.08636
0.09144
0.09906
0.10668
0.11176
0.11684
0.11938
0.12954
0.12954
0.12954
0.14478
0.14224
0.14224
0.15494
0.15494
0.16002
0.16256
0.16764
0.17272
0.18034
0.17272
0.18034
0.19304
0.18542
0.19304
0.19812
0.19812
0.19812
0.21844
0.1905
0.18542
0.21844
0.21082
0.21082
0.2159
0.22352
0.21844
0.22352
0.25908
0.19304
0.22352
0.2286
0.2286
0.22352
0.23622
0.2286
0.23114
0.23622
0.2286
0.24638
0.21844
0.23622
0.23368
0.23622
0.23114
0.2413
0.2286
0.254
0.21844
0.2286
0.23622
0.21082
0.2286
0.23622
0.2286
0.23114
0.2286
0.2286
0.27432
0.18542
0.2286
0.22352
0.2286
0.22352
0.22352
0.22352
0.22352
0.22352
0.22352
0.2159
0.22352
0.21844
0.2159
0.2159
0.21844
0.21082
0.21082
0.21082
0.21082
0.21082
0.19812
0.20574
0.19812
0.17272
0.19812
0.19304
0.18542
0.18034
0.18034
0.17272
0.16764
0.16764
0.15494
0.15494
0.14986
0.13462
0.13716
0.14224
0.10668
0.11176
0.11176
0.09906
0.09144
0.08636
0.08128
0.0762
0.06604
0.0635
0.04826
0.04318
0.04572
0.03048
0.02286
0.02032
0.0127
0.00508
0.00762
-0.00762
-0.0127
-0.01778
-0.01778
-0.03302
-0.03556
-0.0381
-0.04318
-0.05588
-0.05588
-0.06096
-0.0635
-0.07366
-0.07366
-0.0889
-0.08636
-0.09144
-0.09398
-0.10414
-0.10668
-0.11176
-0.11684
-0.12446
-0.12446
-0.14224
-0.12446
-0.13716
-0.14732
-0.13208
-0.15494
-0.15494
-0.15494
-0.16764
-0.1651
-0.17526
-0.17272
-0.18034
-0.18034
-0.18542
-0.19304
-0.18542
-0.19812
-0.19812
-0.19812
-0.20574
-0.24892
-0.1651
-0.21082
-0.21082
-0.21844
-0.2159
-0.21844
-0.22352
-0.2159
-0.2286
-0.22352
-0.23114
-0.22352
-0.2286
-0.2286
-0.21082
-0.23114
-0.2286
-0.23622
-0.23368
-0.23622
-0.23622
-0.2286
-0.23622
-0.23622
-0.23622
-0.23368
-0.23114
-0.2413
-0.2286
-0.23622
-0.2286
-0.25654
-0.2159
-0.2286
-0.23622
-0.2286
-0.23114
-0.2286
-0.2286
-0.23114
-0.2286
-0.2286
-0.23114
-0.22352
-0.22352
-0.2032
-0.22352
-0.22352
-0.22352
-0.22352
-0.22352
-0.22098
-0.21844
-0.2159
-0.21844
-0.21082
-0.2159
-0.21082
-0.21082
-0.21082
-0.20574
-0.21082
-0.19304
-0.19812
-0.1905
-0.19304
-0.18034
-0.18034
-0.1778
-0.17526
-0.16764
-0.15494
-0.15494
-0.14732
-0.14986
-0.13716
-0.11684
-0.12446
-0.11684
-0.11176
-0.10668
-0.09906
-0.09144
-0.08128
-0.08128
-0.06858
-0.06096
-0.0635
-0.04826
-0.04318
-0.0381
-0.03048
-0.0254
-0.01778
-0.0127
-0.00508
0
0.00508
0.01778
0.0127
0.0254
0.03048
0.0381
0.03556
0.0508
0.0508
0.05334
0.0635
0.06096
0.0762
0.09144
0.06858
0.08128
0.09906
0.09906
0.09906
0.10668
0.11684
0.11684
0.11938
0.12954
0.12954
0.12954
0.14478
0.17272
0.11684
0.15494
0.16256
0.15494
0.16764
0.16764
0.18034
0.1651
0.18034
0.18796
0.18542
0.1905
0.19304
0.19812
0.18034
0.19812
0.23114
0.18542
0.2032
0.21082
0.21844
0.21082
0.2159
0.22352
0.22352
0.2159
0.22352
0.23114
0.22352
0.2286
0.2286
0.23114
0.2286
0.23622
0.2286
0.23622
0.25908
0.20574
0.2286
0.23622
0.23622
0.23622
0.2286
0.2413
0.23622
0.21082
0.23622
0.2286
0.23622
0.2286
0.23622
0.2286
0.23622
0.2286
0.23114
0.2286
0.23622
0.22352
0.2286
0.22352
0.2286
0.22352
0.2286
0.22352
0.22352
0.22352
0.21844
0.22098
0.22352
0.21844
0.21082
0.22352
0.21082
0.21082
0.2159
0.21082
0.2413
0.14986
0.20574
0.2032
0.19812
0.19304
0.19304
0.1905
0.18796
0.1778
0.18034
0.16764
0.16764
0.16002
0.15494
0.14986
0.14224
0.14224
0.14478
0.10922
0.11938
0.11176
0.10414
0.09906
0.0889
0.08636
0.07366
0.07366
0.0635
0.05588
0.05588
0.03556
0.03302
0.03556
0.0254
0.0127
0.0127
0.00508
0
-0.00508
-0.0127
-0.02032
-0.02286
-0.03048
-0.0381
-0.0381
-0.04826
-0.05588
-0.05588
-0.0635
-0.07874
-0.0635
-0.08128
-0.07874
-0.08636
-0.09398
-0.10668
-0.09906
-0.11176
-0.11176
-0.11684
-0.12446
-0.12446
-0.11684
-0.13716
-0.14224
-0.14224
-0.14986
-0.15494
-0.16002
-0.16256
-0.16002
-0.16764
-0.17272
-0.18034
-0.17526
-0.18542
-0.18542
-0.19304
-0.1905
-0.20574
-0.19304
-0.19812
-0.2032
-0.20574
-0.21082
-0.21082
-0.2159
-0.21082
-0.21844
-0.2286
-0.21082
-0.22352
-0.22352
-0.22352
-0.21082
-0.2286
-0.2286
-0.22352
-0.23622
-0.2286
-0.23622
-0.23114
-0.23368
-0.23622
-0.2286
-0.23622
-0.23622
-0.23622
-0.23622
-0.23368
-0.23622
-0.23622
-0.2286
-0.23622
-0.2286
-0.23622
-0.2286
-0.23622
-0.23114
-0.2286
-0.23622
-0.2286
-0.2286
-0.23114
-0.22352
-0.2032
-0.2286
-0.23114
-0.22352
-0.2286
-0.22352
-0.22352
-0.22352
-0.2159
-0.22352
-0.22352
-0.2159
-0.21844
-0.2159
-0.21844
-0.2159
-0.21082
-0.21082
-0.21844
-0.1905
-0.19812
-0.20066
-0.19812
-0.1905
-0.18796
-0.18542
-0.18034
-0.17272
-0.18034
-0.15494
-0.16002
-0.13716
-0.14986
-0.14224
-0.13462
-0.13208
-0.12446
-0.11684
-0.11176
-0.09906
-0.09906
-0.08636
-0.08128
-0.07366
-0.0762
-0.05334
-0.05588
-0.0508
-0.04318
-0.0381
-0.02286
-0.0254
-0.02032
-0.00508
-0.00508
0.00508
0.00508
0.0127
0.02032
0.03048
0.03048
0.0381
0.03556
0.04318
0.05588
0.05588
0.0635
0.07366
0.06858
0.08128
0.08636
0.08636
0.09398
0.09906
0.10414
0.11176
0.11176
0.14224
0.09906
0.13208
0.12954
0.13716
0.14224
0.14224
0.14732
0.15748
0.16002
0.17272
0.15494
0.16764
0.17526
0.1778
0.18796
0.18034
0.1651
0.19304
0.19304
0.19812
0.23622
0.16764
0.2032
0.20574
0.21082
0.2159
0.21082
0.21844
0.2159
0.2286
0.21082
0.22352
0.22352
0.23114
0.22098
0.23114
0.23622
0.22098
0.23622
0.23114
0.23368
0.23114
0.23368
0.23622
0.23114
0.23368
0.23622
0.21082
0.23622
0.2667
0.2032
0.23114
0.23622
0.23368
0.23622
0.2286
0.23622
0.23114
0.23368
0.23114
0.2286
0.2286
0.23114
0.22098
0.23114
0.2286
0.2286
0.22352
0.22352
0.22352
0.22352
0.22352
0.2159
0.22352
0.21844
0.2159
0.21844
0.2159
0.21844
0.1905
0.21082
0.21082
0.20574
0.2032
0.20574
0.19812
0.19812
0.19304
0.19304
0.1905
0.18034
0.18034
0.18034
0.16764
0.16002
0.16256
0.15494
0.14732
0.14224
0.13716
0.12446
0.14224
0.10414
0.10668
0.10414
0.09398
0.09398
0.07874
0.0762
0.06858
0.05588
0.05588
0.04826
0.04318
0.03048
0.03302
0.02286
0.0127
0.0127
0
0
-0.00508
-0.02032
-0.01778
-0.03048
-0.03048
-0.0381
-0.04318
-0.0508
-0.04826
-0.0635
-0.06096
-0.07366
-0.0762
-0.07874
-0.09398
-0.08128
-0.09906
-0.09906
-0.09906
-0.11176
-0.11684
-0.10668
-0.12446
-0.12954
-0.12954
-0.14224
-0.13716
-0.14224
-0.15494
-0.15494
-0.15494
-0.16256
-0.16764
-0.17272
-0.17272
-0.18796
-0.17272
-0.18034
-0.18542
-0.19304
-0.1905
-0.19812
-0.20066
-0.2032
-0.20574
-0.2032
-0.23114
-0.1905
-0.21844
-0.21082
-0.2159
-0.22352
-0.19812
-0.22352
-0.22352
-0.2286
-0.23114
-0.23368
-0.21844
-0.23622
-0.2286
-0.2286
-0.23622
-0.2286
-0.23622
-0.23622
-0.23622
-0.23622
-0.24638
-0.21844
-0.23368
-0.23114
-0.2413
-0.2286
-0.23114
-0.23368
-0.23622
-0.23622
-0.23622
-0.22352
-0.2286
-0.2286
-0.23114
-0.21082
-0.2286
-0.2286
-0.22352
-0.2286
-0.25654
-0.21082
-0.21082
-0.22098
-0.22352
-0.22352
-0.22352
-0.21844
-0.22352
-0.22098
-0.21844
-0.2159
-0.21082
-0.21844
-0.21082
-0.2159
-0.20574
-0.2032
-0.20574
-0.2032
-0.20066
-0.1905
-0.19304
-0.19304
-0.1778
-0.18034
-0.17526
-0.15494
-0.16002
-0.16256
-0.15494
-0.14224
-0.14732
-0.13208
-0.12954
-0.12446
-0.11176
-0.11176
-0.09906
-0.09144
-0.09398
-0.08128
-0.07366
-0.06858
-0.05588
-0.05588
-0.04826
-0.0381
-0.0381
-0.02286
-0.02032
-0.0127
-0.01016
0
0
0.01016
0.02032
0.01778
0.0254
0.03048
0.0381
0.04318
0.04826
0.05588
0.0635
0.06096
0.06858
0.08128
0.07874
0.09398
0.08128
0.09906
0.09906
0.10414
0.11176
0.11176
0.11938
0.12954
0.12954
0.13208
0.14224
0.14224
0.14224
0.15494
0.15494
0.15494
0.16764
0.16764
0.16764
0.16002
0.18796
0.17272
0.18542
0.18542
0.19304
0.19812
0.19304
0.2032
0.22352
0.18796
0.2032
0.21082
0.21082
0.21844
0.2159
0.21844
0.2159
0.22352
0.2286
0.254
0.19304
0.2286
0.24384
0.21082
0.23368
0.23114
0.23368
0.23114
0.23622
0.23368
0.23114
0.21082
0.23368
0.23622
0.23622
0.2286
0.23622
0.23622
0.23622
0.23368
0.23114
0.23368
0.23622
0.23114
0.23368
0.23114
0.2286
0.23622
0.2286
0.2286
0.23114
0.23622
0.2159
0.22352
0.2286
0.22352
0.22352
0.22352
0.2159
0.22352
0.22352
0.23622
0.18034
0.21082
0.2159
0.21844
0.21082
0.21082
0.21082
0.2032
0.20574
0.2032
0.19812
0.20066
0.1905
0.19304
0.18542
0.18034
0.19812
0.15494
0.16764
0.16256
0.16002
0.14986
0.14732
0.13716
0.13716
0.12954
0.11684
0.13208
0.09144
0.09906
0.09398
0.08128
0.07874
0.0762
0.06858
0.05334
0.05588
0.0508
0.0381
0.03048
0.03048
0.01778
0.0127
0.0127
0
-0.00508
-0.00762
-0.01778
-0.0254
-0.0254
-0.03556
-0.0381
-0.04318
-0.0508
-0.05334
-0.0635
-0.06858
-0.06858
-0.07366
-0.08636
-0.08636
-0.09398
-0.09398
-0.09144
-0.10668
-0.11176
-0.12954
-0.10414
-0.12446
-0.12954
-0.13716
-0.13716
-0.14224
-0.14986
-0.14732
-0.15494
-0.16256
-0.16764
-0.1778
-0.15494
-0.17526
-0.18034
-0.18542
-0.18542
-0.18542
-0.19304
-0.19304
-0.19812
-0.2032
-0.20066
-0.2032
-0.21082
-0.20574
-0.2159
-0.19304
-0.2159
-0.22352
-0.21844
-0.22352
-0.22098
-0.22352
-0.22352
-0.23114
-0.2286
-0.2286
-0.23114
-0.2286
-0.23622
-0.2286
-0.23622
-0.23368
-0.23622
-0.23114
-0.23368
-0.23622
-0.23622
-0.23622
-0.23368
-0.23114
-0.27178
-0.19812
-0.23622
-0.2286
-0.23114
-0.23622
-0.2032
-0.23622
-0.2413
-0.21844
-0.2286
-0.2286
-0.23114
-0.2286
-0.2286
-0.22352
-0.2286
-0.22352
-0.22352
-0.22352
-0.22352
-0.2286
-0.21844
-0.22352
-0.2159
-0.22352
-0.21082
-0.2159
-0.21844
-0.21082
-0.2286
-0.18796
-0.2032
-0.20574
-0.2032
-0.19812
-0.19304
-0.19304
-0.16002
-0.18542
-0.20066
-0.14732
-0.17272
-0.15748
-0.16002
-0.14986
-0.14224
-0.13462
-0.13716
-0.12446
-0.11684
-0.11176
-0.11176
-0.09906
-0.0889
-0.08636
-0.07366
-0.07366
-0.06858
-0.05588
-0.0635
-0.03048
-0.04318
-0.03048
-0.0254
-0.01778
-0.0127
-0.00508
0
0.00508
0.0127
0.0127
0.0254
0.03048
0.03048
0.0381
0.04826
0.0508
0.05588
0.06096
0.06858
0.06858
0.07874
0.0762
0.09144
0.09398
0.09398
0.10414
0.10668
0.11176
0.11684
0.11684
0.13208
0.12954
0.12954
0.14224
0.14224
0.14986
0.15494
0.15494
0.14224
0.16764
0.16764
0.17272
0.17526
0.18034
0.1778
0.19304
0.18542
0.19304
0.20574
0.1905
0.19812
0.20574
0.20574
0.21082
0.21082
0.21082
0.2159
0.2159
0.22352
0.22352
0.21844
0.22352
0.22098
0.23114
0.2286
0.2286
0.23114
0.2286
0.23622
0.2286
0.21082
0.23622
0.2286
0.23622
0.23622
0.23622
0.23368
0.23622
0.23622
0.24892
0.2413
0.21082
0.23622
0.2286
0.23622
0.23622
0.2286
0.23622
0.2286
0.24892
0.2159
0.22352
0.2286
0.23114
0.2286
0.22352
0.2286
0.22352
0.22352
0.24892
0.19812
0.19812
0.22352
0.22352
0.2159
0.21844
0.2159
0.21082
0.23622
0.1905
0.23114
0.19304
0.2032
0.20574
0.2032
0.19812
0.19304
0.19304
0.1905
0.20066
0.1651
0.17526
0.17272
0.16764
0.16256
0.15494
0.14732
0.14224
0.14224
0.14478
0.11176
0.11684
0.09906
0.11176
0.09398
0.09144
0.08636
0.08128
0.06858
0.06858
0.05588
0.04826
0.0508
0.0381
0.03048
0.02286
0.02032
0.0127
0.00508
0
-0.00508
-0.0127
-0.02032
-0.02286
-0.0254
-0.0381
-0.04318
-0.04318
-0.05588
-0.06096
-0.05588
-0.06858
-0.07366
-0.0762
-0.07874
-0.0889
-0.09144
-0.09398
-0.10414
-0.11938
-0.09906
-0.11684
-0.12446
-0.12446
-0.12954
-0.13716
-0.13716
-0.14732
-0.14986
-0.15494
-0.15494
-0.16002
-0.16256
-0.17272
-0.16764
-0.18034
-0.18034
-0.1778
-0.19304
-0.21082
-0.16764
-0.19812
-0.19304
-0.2032
-0.20574
-0.18542
-0.21082
-0.21082
-0.21082
-0.21844
-0.2159
-0.21844
-0.22098
-0.22352
-0.22352
-0.22352
-0.2286
-0.23114
-0.24638
-0.21082
-0.23114
-0.2286
-0.23622
-0.2286
-0.23622
-0.23622
-0.23622
-0.23368
-0.23622
-0.2413
-0.23114
-0.23368
-0.23114
-0.23622
-0.23368
-0.23622
-0.2286
-0.21082
-0.23622
-0.23622
-0.26162
-0.2032
-0.2286
-0.23114
-0.2286
-0.2286
-0.23114
-0.2286
-0.2286
-0.23114
-0.22352
-0.2286
-0.22352
-0.22352
-0.22352
-0.22352
-0.22098
-0.22352
-0.21844
-0.2159
-0.21844
-0.2159
-0.21082
-0.21082
-0.21082
-0.21082
-0.19812
-0.20574
-0.18034
-0.1905
-0.19304
-0.19304
-0.1905
-0.16764
-0.17526
-0.17272
-0.16764
-0.15494
-0.15494
-0.14986
-0.14224
-0.13462
-0.12446
-0.12446
-0.11176
-0.11176
-0.10414
-0.09398
-0.09398
-0.07874
-0.0762
-0.07366
-0.05588
-0.05588
-0.0508
-0.04318
-0.03048
-0.03048
-0.0254
-0.01778
-0.00762
-0.00508
0
0.00508
0.0127
0.02032
0.02286
0.03302
0.03556
0.0381
0.04826
0.0508
0.05588
0.06096
0.0762
0.06858
0.07874
0.08636
0.0889
0.09144
0.09906
0.11176
0.09906
0.11176
0.11938
0.12192
0.12446
0.13716
0.13716
0.14224
0.14224
0.13716
0.17272
0.13716
0.16002
0.16256
0.17272
0.17272
0.17526
0.18034
0.2032
0.17526
0.1778
0.19812
0.19304
0.20574
0.19812
0.2032
0.20574
0.21082
0.2159
0.23622
0.19304
0.2159
0.21844
0.22352
0.22352
0.2286
0.22352
0.22352
0.23368
0.23114
0.2032
0.23114
0.23368
0.23114
0.23622
0.2286
0.23622
0.23368
0.23622
0.23622
0.24892
0.2159
0.2413
0.23114
0.23368
0.23622
0.23622
0.23622
0.2286
0.23622
0.2413
0.22352
0.2286
0.23622
0.2286
0.23114
0.2286
0.2286
0.23114
0.22352
0.23368
0.19304
0.2286
0.22352
0.22352
0.22352
0.21844
0.22098
0.21844
0.2413
0.19812
0.20574
0.2159
0.21082
0.21082
0.21082
0.20574
0.19812
0.2032
0.20066
0.1905
0.19304
0.18542
0.18542
0.18034
0.17526
0.16764
0.1651
0.15748
0.15494
0.14732
0.13716
0.14732
0.10668
0.12446
0.11684
0.11176
0.09906
0.09906
0.08636
0.0889
0.07366
0.06858
0.06096
0.05588
0.0508
0.04318
0.03048
0.03048
0.0254
0.0127
0.0127
0.00508
0
-0.0127
-0.0127
-0.01778
-0.0254
-0.03556
-0.0381
-0.0381
-0.04826
-0.05588
-0.05588
-0.05588
-0.06858
-0.07366
-0.08128
-0.08636
-0.08636
-0.10668
-0.09144
-0.1016
-0.10922
-0.11176
-0.11938
-0.12446
-0.12954
-0.12954
-0.13716
-0.14224
-0.16256
-0.13462
-0.14986
-0.16002
-0.16256
-0.16764
-0.16764
-0.17272
-0.17272
-0.18796
-0.18542
-0.18034
-0.1905
-0.19304
-0.18034
-0.19812
-0.19812
-0.20574
-0.21082
-0.2032
-0.21844
-0.22352
-0.2032
-0.21844
-0.2159
-0.22352
-0.22352
-0.22352
-0.22352
-0.2286
-0.2286
-0.23114
-0.2286
-0.2286
-0.23622
-0.2286
-0.23622
-0.23622
-0.2286
-0.23622
-0.26162
-0.21082
-0.23368
-0.23622
-0.23622
-0.2286
-0.21844
-0.2286
-0.23622
-0.23622
-0.23368
-0.23622
-0.2286
-0.23114
-0.2286
-0.23622
-0.22352
-0.23368
-0.23114
-0.2286
-0.2286
-0.24384
-0.21082
-0.22352
-0.2286
-0.22352
-0.22352
-0.22352
-0.22098
-0.22352
-0.21844
-0.22352
-0.2159
-0.21844
-0.21082
-0.2159
-0.21082
-0.18542
-0.21082
-0.22352
-0.18034
-0.19812
-0.19304
-0.19304
-0.18542
-0.18542
-0.18034
-0.17272
-0.16764
-0.16764
-0.15494
-0.15494
-0.14224
-0.14224
-0.13208
-0.12954
-0.11684
-0.11938
-0.10414
-0.10668
-0.09144
-0.08636
-0.08128
-0.0762
-0.06096
-0.06096
-0.05588
-0.0508
-0.03048
-0.0381
-0.02286
-0.0254
-0.02032
-0.00508
-0.00508
0.00508
0.00508
0.0127
0.0254
0.0254
0.03048
0.0381
0.04318
0.04826
0.05588
0.05588
0.0635
0.07366
0.07366
0.08128
0.08128
0.09144
0.09906
0.09398
0.11176
0.10414
0.11938
0.11684
0.12446
0.12954
0.11938
0.13462
0.14478
0.14732
0.14986
0.15494
0.15494
0.16002
0.17526
0.16764
0.17272
0.18034
0.18034
0.18542
0.18542
0.19304
0.1905
0.20066
0.19812
0.2032
0.20574
0.2413
0.18034
0.21082
0.2159
0.21844
0.2159
0.21844
0.22352
0.2286
0.22352
0.2286
0.19812
0.23114
0.23368
0.23114
0.2286
0.2286
0.23622
0.23622
0.23622
0.2286
0.23622
0.23622
0.23368
0.23622
0.23622
0.23622
0.23368
0.23622
0.254
0.21082
0.23622
0.23622
0.2286
0.23622
0.2286
0.23622
0.22352
0.23622
0.2286
0.2286
0.19812
0.23114
0.2286
0.22352
0.22352
0.2286
0.22352
0.22352
0.2159
0.22352
0.21844
0.22352
0.2159
0.21082
0.21844
0.21082
0.21082
0.21082
0.21082
0.2032
0.19812
0.20574
0.19304
0.1905
0.19304
0.18542
0.18034
0.18034
0.17272
0.16764
0.16256
0.16002
0.13716
0.14224
0.14224
0.12954
0.13208
0.12192
0.11176
0.11176
0.09906
0.09398
0.08636
0.08128
0.07366
0.06858
0.06096
0.0508
0.0508
0.03556
0.0381
0.03048
0.0127
0.01778
0.00762
0.00508
-0.00508
-0.0127
-0.0127
-0.0254
-0.0254
-0.03556
-0.0381
-0.0381
-0.04826
-0.05588
-0.05588
-0.06858
-0.06858
-0.07366
-0.08128
-0.08636
-0.09398
-0.09144
-0.09906
-0.10668
-0.11176
-0.13462
-0.09906
-0.12446
-0.13208
-0.12954
-0.14224
-0.14224
-0.17526
-0.12192
-0.15494
-0.16256
-0.16002
-0.16764
-0.17526
-0.17272
-0.17272
-0.18796
-0.1651
-0.20066
-0.1778
-0.19304
-0.19812
-0.19812
-0.20574
-0.19812
-0.21082
-0.21082
-0.21082
-0.2286
-0.20574
-0.2159
-0.21844
-0.22352
-0.22352
-0.22352
-0.2286
-0.22352
-0.2286
-0.26162
-0.2032
-0.23114
-0.2286
-0.23622
-0.23368
-0.23622
-0.23114
-0.23368
-0.26162
-0.21082
-0.25908
-0.19304
-0.2286
-0.23622
-0.23622
-0.23622
-0.23368
-0.23622
-0.254
-0.21082
-0.23622
-0.23622
-0.2286
-0.23114
-0.23368
-0.23114
-0.2286
-0.2286
-0.23114
-0.27178
-0.18034
-0.2286
-0.22352
-0.2286
-0.22352
-0.22352
-0.22352
-0.22352
-0.2159
-0.22352
-0.21844
-0.1905
-0.21844
-0.21082
-0.21082
-0.20574
-0.21082
-0.2032
-0.21844
-0.1778
-0.19304
-0.18542
-0.18034
-0.18542
-0.17526
-0.17272
-0.16002
-0.16764
-0.15494
-0.16764
-0.12446
-0.13716
-0.12954
-0.12446
-0.11684
-0.11176
-0.10668
-0.09906
-0.08636
-0.08636
-0.0762
-0.07366
-0.06096
-0.05588
-0.0508
-0.04318
-0.0381
-0.03556
-0.0254
-0.01778
-0.0127
-0.0127
0
0.00508
0.00762
0.01778
0.0254
0.0254
0.03048
0.04826
0.0381
0.0508
0.05588
0.06096
0.06096
0.06858
0.08128
0.08128
0.08636
0.09398
0.09144
0.09906
0.11176
0.11176
0.10668
0.11684
0.12446
0.12954
0.13716
0.13716
0.14224
0.14732
0.14986
0.15494
0.16002
0.16256
0.16764
0.17272
0.17526
0.18542
0.18034
0.18542
0.18542
0.19304
0.19812
0.19304
0.2032
0.20574
0.2032
0.21082
0.20574
0.21082
0.2159
0.21844
0.2159
0.19304
0.2159
0.21844
0.2159
0.21844
0.2159
0.21844
0.21082
0.21082
0.21082
0.2032
0.20574
0.19812
0.19304
0.18542
0.18034
0.18542
0.16002
0.16256
0.15494
0.14224
0.13716
0.12954
0.11684
0.11176
0.10668
0.08636
0.08636
0.06858
0.06858
0.05588
0.04826
0.0381
0.0381
0.02286
0.02032
0.0127
0.01016
0
0
-0.00508
-0.0127
-0.0127
-0.0127
-0.01778
-0.0254
-0.01778
-0.0254
-0.01778
-0.0254
-0.0254
-0.02286
-0.02032
-0.02286
-0.02032
-0.01778
-0.01778
-0.02032
-0.0127
-0.0127
-0.01778
-0.00508
-0.0127
-0.00762
-0.00508
-0.00762
-0.00508
-0.00508
0
-0.00762
0
0
0
0.00762
0
0
0.00508
0
0
0.00508
0
0
0.00762
0
0.00508
0
0.00762
0
0
0
0
0.00508
0
0
0
0
0
0.00762
0
0
0
0
0
0
0
0
0
0
0
0
0
0
0
0
0
0
0
-0.00762
0.00762
0
-0.00762
0
0
0.00762
-0.00762
0.00762
-0.00762
0
0.00762
0
0
0
-0.00762
0.00762
-0.00762
0.00762
-0.00762
0.00762
0
0
0
0
0
0
0
0
0
0
0
0
0
0
0
0
0
0
0
0
0
0
0
0
0
0
0
0
0
0
0
0
0
0
0
0
0
0
0
0
0
0
0
0
0
0
0
0
0
0
0
0
0
0
0
0
0
0
0
0
0
0
0
0
0
0
0
0
0
0
0
0
0
0
0
0
0
0
0
0
0
0
0
0
0
0
0
0
0
0
0
0
0
0
0
0
0
0
0
0
0
0
0
0
0
0
0
0
0
0
0
0
0
0
0.00508
0
-0.00508
0
0
0
0
0
0
0.00508
-0.00508
0
0
0
0
0
0.00508
-0.00508
0
0
0
0
0
0
0.00508
-0.00508
0
0
0.00508
0
-0.00508
0.00508
-0.00508
0
0
0
0.00508
-0.00508
0.00508
-0.00508
0
0.00508
0
-0.00508
0
0
0.00508
-0.00508
0
0.00508
0
0
-0.00508
0.00508
-0.00508
0
0.00508
0
0
0
0
0
0
0
-0.00508
0
0.00508
0
0